# Kick = [    0.000000000000e+00,     1.000000000000e-05,     0.000000000000e+00]
#            time            norm                    dmx                    dmy                    dmz
          0.00000000       4.16333634e-16    -1.205309640340e-03     1.944589406650e-03     3.560894497381e-03
          1.24024120      -1.49880108e-15    -1.205326822519e-03     2.046031858977e-03     3.560923577207e-03
          2.48048240       3.80251386e-15    -1.205348366696e-03     2.140893813994e-03     3.560939514453e-03
          3.72072360       6.52256027e-16    -1.205409439552e-03     2.230478400193e-03     3.560945583766e-03
          4.96096480       8.32667268e-16    -1.205513336116e-03     2.314897967847e-03     3.561007797558e-03
          6.20120600      -4.30211422e-16    -1.205664914131e-03     2.391716794929e-03     3.561215227152e-03
          7.44144720       1.63757896e-15    -1.205837505662e-03     2.459781164713e-03     3.561662516918e-03
          8.68168840       3.46944695e-15    -1.206032696663e-03     2.518298264188e-03     3.562332216851e-03
          9.92192960       1.31838984e-15    -1.206246733748e-03     2.565646931848e-03     3.563189758844e-03
         11.16217080       1.40165657e-15    -1.206476370653e-03     2.601263324023e-03     3.564269391297e-03
         12.40241200       1.67921232e-15    -1.206718749124e-03     2.624975601279e-03     3.565547920972e-03
         13.64265320       9.43689571e-16    -1.206962065180e-03     2.636661142182e-03     3.566985997076e-03
         14.88289440       4.99600361e-16    -1.207208808679e-03     2.636326255254e-03     3.568582704749e-03
         16.12313560       4.35762537e-15    -1.207448935066e-03     2.624581491747e-03     3.570302328933e-03
         17.36337680      -1.94289029e-15    -1.207689532293e-03     2.602138470646e-03     3.572075931226e-03
         18.60361800      -1.92901251e-15    -1.207905123819e-03     2.569635637244e-03     3.573841217627e-03
         19.84385921       5.68989300e-16    -1.208102161623e-03     2.528060530973e-03     3.575537449390e-03
         21.08410041       2.99760217e-15    -1.208280087245e-03     2.478442072215e-03     3.577118479633e-03
         22.32434161       2.38697950e-15    -1.208432790574e-03     2.421919076432e-03     3.578529222773e-03
         23.56458281       2.22044605e-15    -1.208562533802e-03     2.359665469659e-03     3.579737245336e-03
         24.80482401       3.33066907e-16    -1.208670191611e-03     2.292838418034e-03     3.580675117304e-03
         26.04506521      -2.22044605e-16    -1.208749905954e-03     2.222650726448e-03     3.581308032214e-03
         27.28530641      -1.34614542e-15    -1.208806617213e-03     2.150201897647e-03     3.581585311725e-03
         28.52554761       2.42861287e-15    -1.208831468111e-03     2.076689077875e-03     3.581505112622e-03
         29.76578881       1.27675648e-15    -1.208834326171e-03     2.003158140985e-03     3.581037912012e-03
         31.00603001       3.33066907e-15    -1.208814721082e-03     1.930700494180e-03     3.580183467187e-03
         32.24627121       3.55271368e-15    -1.208777540995e-03     1.860251347271e-03     3.578930083979e-03
         33.48651241       2.94209102e-15    -1.208718913949e-03     1.792717133190e-03     3.577289737894e-03
         34.72675361       2.20656826e-15    -1.208638484106e-03     1.728909157668e-03     3.575272214755e-03
         35.96699481      -1.94289029e-16    -1.208534670117e-03     1.669565098723e-03     3.572909571965e-03
         37.20723601       1.66533454e-16    -1.208410845023e-03     1.615322103463e-03     3.570223368476e-03
         38.44747721       1.66533454e-16    -1.208270202457e-03     1.566803200106e-03     3.567228639840e-03
         39.68771841      -9.43689571e-16    -1.208113931700e-03     1.524583129149e-03     3.563932494747e-03
         40.92795961       2.77555756e-17    -1.207940550623e-03     1.489104030937e-03     3.560389984964e-03
         42.16820081       4.02455846e-15    -1.207760238030e-03     1.460652983168e-03     3.556677937755e-03
         43.40844201       1.41553436e-15    -1.207576377712e-03     1.439400297023e-03     3.552879926700e-03
         44.64868321       3.60822483e-16    -1.207391311345e-03     1.425422256889e-03     3.549041416036e-03
         45.88892441       2.10942375e-15    -1.207201723307e-03     1.418755660326e-03     3.545204101152e-03
         47.12916561       7.49400542e-16    -1.207022132431e-03     1.419380604204e-03     3.541385723422e-03
         48.36940681      -1.09634524e-15    -1.206858456258e-03     1.427203224249e-03     3.537600496667e-03
         49.60964801       1.05471187e-15    -1.206703910454e-03     1.442093139221e-03     3.533896734935e-03
         50.84988921       2.77555756e-16    -1.206548297157e-03     1.463832377365e-03     3.530330051821e-03
         52.09013041       5.96744876e-16    -1.206390884186e-03     1.492016364530e-03     3.526971995586e-03
         53.33037161       9.71445147e-17    -1.206241632577e-03     1.526031154348e-03     3.523914196349e-03
         54.57061281       1.16573418e-15    -1.206111749285e-03     1.565290086795e-03     3.521232625146e-03
         55.81085401       6.10622664e-16    -1.206011215937e-03     1.609289299035e-03     3.518952526027e-03
         57.05109521      -7.35522754e-16    -1.205922893150e-03     1.657532182457e-03     3.517073604298e-03
         58.29133642       9.99200722e-16    -1.205833608177e-03     1.709400128127e-03     3.515650897474e-03
         59.53157762      -7.21644966e-16    -1.205764131642e-03     1.764071286651e-03     3.514773972636e-03
         60.77181882       2.16493490e-15    -1.205729527767e-03     1.820709449417e-03     3.514449019337e-03
         62.01206002       1.83186799e-15    -1.205707513220e-03     1.878549206260e-03     3.514659367356e-03
         63.25230122       2.91433544e-16    -1.205691953583e-03     1.936832392515e-03     3.515396964039e-03
         64.49254242       3.88578059e-16    -1.205692088388e-03     1.994780280056e-03     3.516680367216e-03
         65.73278362       4.30211422e-15    -1.205721224577e-03     2.051612136581e-03     3.518462513887e-03
         66.97302482       1.80411242e-16    -1.205767782104e-03     2.106551271840e-03     3.520755851777e-03
         68.21326602       1.76247905e-15    -1.205827156514e-03     2.158890626471e-03     3.523592071702e-03
         69.45350722       1.37390099e-15    -1.205890084452e-03     2.208017215659e-03     3.526999991067e-03
         70.69374842       1.30451205e-15    -1.205958533488e-03     2.253309628244e-03     3.530966873066e-03
         71.93398962      -1.94289029e-16    -1.206041273084e-03     2.294104075379e-03     3.535448102561e-03
         73.17423082       3.17801341e-15    -1.206153641383e-03     2.329755997299e-03     3.540321831674e-03
         74.41447202      -1.91513472e-15    -1.206278846967e-03     2.359725360222e-03     3.545483629615e-03
         75.65471322      -5.82867088e-16    -1.206401899851e-03     2.383618472090e-03     3.550866300698e-03
         76.89495442      -1.66533454e-16    -1.206520387998e-03     2.401138099287e-03     3.556446163880e-03
         78.13519562       2.05391260e-15    -1.206633416655e-03     2.412028639399e-03     3.562170126820e-03
         79.37543682       2.69229083e-15    -1.206732660307e-03     2.416112048599e-03     3.567972241908e-03
         80.61567802       6.66133815e-16    -1.206836787381e-03     2.413328548993e-03     3.573745552282e-03
         81.85591922       2.16493490e-15    -1.206958932477e-03     2.403756860338e-03     3.579392374168e-03
         83.09616042       2.40085729e-15    -1.207087102270e-03     2.387527050996e-03     3.584883358197e-03
         84.33640162       1.01307851e-15    -1.207219912285e-03     2.364724584453e-03     3.590185437111e-03
         85.57664282       1.30451205e-15    -1.207350629998e-03     2.335627686801e-03     3.595207724655e-03
         86.81688402       1.91513472e-15    -1.207468036788e-03     2.300692302732e-03     3.599841208523e-03
         88.05712522       4.30211422e-16    -1.207589926900e-03     2.260394814217e-03     3.603969661569e-03
         89.29736642       1.13797860e-15    -1.207727542151e-03     2.215253787683e-03     3.607524026651e-03
         90.53760762      -8.88178420e-16    -1.207861796965e-03     2.165952587187e-03     3.610462576112e-03
         91.77784882       1.66533454e-15    -1.207992044790e-03     2.113253828571e-03     3.612743758755e-03
         93.01809002       6.80011603e-16    -1.208119644065e-03     2.057874499937e-03     3.614356816849e-03
         94.25833122      -8.88178420e-16    -1.208238152255e-03     2.000558722401e-03     3.615289329393e-03
         95.49857243       1.66533454e-16    -1.208351289495e-03     1.942121271357e-03     3.615486769479e-03
         96.73881363       5.27355937e-16    -1.208459417629e-03     1.883401773846e-03     3.614910344183e-03
         97.97905483       1.60982339e-15    -1.208553402473e-03     1.825249688311e-03     3.613581345379e-03
         99.21929603       4.99600361e-16    -1.208633644687e-03     1.768505210404e-03     3.611511204447e-03
        100.45953723       2.91433544e-16    -1.208703706881e-03     1.714005400604e-03     3.608688700726e-03
        101.69977843       2.04003481e-15    -1.208751853049e-03     1.662601102220e-03     3.605150355218e-03
        102.94001963       7.49400542e-16    -1.208750098331e-03     1.615137120538e-03     3.600948537706e-03
        104.18026083       2.60902411e-15    -1.208694300709e-03     1.572286569540e-03     3.596098069202e-03
        105.42050203       6.52256027e-16    -1.208601160656e-03     1.534605471225e-03     3.590663327537e-03
        106.66074323      -1.38777878e-16    -1.208489230593e-03     1.502640396594e-03     3.584753554449e-03
        107.90098443       1.41553436e-15    -1.208357692681e-03     1.476994920560e-03     3.578462103306e-03
        109.14122563      -7.07767178e-16    -1.208199420327e-03     1.458212811627e-03     3.571892586169e-03
        110.38146683       1.66533454e-15    -1.208006833733e-03     1.446688834458e-03     3.565146346325e-03
        111.62170803       1.20736754e-15    -1.207794768782e-03     1.442614262987e-03     3.558262625436e-03
        112.86194923       3.23352456e-15    -1.207594532177e-03     1.446106739131e-03     3.551303640808e-03
        114.10219043       2.08166817e-16    -1.207404771564e-03     1.457247475467e-03     3.544404201209e-03
        115.34243163       1.80411242e-16    -1.207211759501e-03     1.475956910141e-03     3.537665491501e-03
        116.58267283       4.20496971e-15    -1.207049434755e-03     1.502063214744e-03     3.531155703419e-03
        117.82291403      -1.37390099e-15    -1.206933175712e-03     1.535328900332e-03     3.524961138385e-03
        119.06315523       1.67921232e-15    -1.206825863665e-03     1.575411177904e-03     3.519158041353e-03
        120.30339643      -5.55111512e-17    -1.206723900809e-03     1.621696290552e-03     3.513859004722e-03
        121.54363763      -3.46944695e-16    -1.206639697242e-03     1.673430226767e-03     3.509132082240e-03
        122.78387883      -1.38777878e-16    -1.206563199537e-03     1.729937499293e-03     3.504969955950e-03
        124.02412003       1.54043445e-15    -1.206498518235e-03     1.790455992317e-03     3.501400037416e-03
        125.26436123      -2.49800181e-16    -1.206467820337e-03     1.853982127175e-03     3.498493187676e-03
        126.50460243      -9.43689571e-16    -1.206456132136e-03     1.919472023118e-03     3.496326233314e-03
        127.74484363       1.74860126e-15    -1.206441094651e-03     1.985963088968e-03     3.494975419971e-03
        128.98508483       3.76088050e-15    -1.206419467612e-03     2.052403808540e-03     3.494475503663e-03
        130.22532603       2.63677968e-16    -1.206380598200e-03     2.117631651443e-03     3.494800151667e-03
        131.46556723      -1.92901251e-15    -1.206321605586e-03     2.180556818613e-03     3.495873579304e-03
        132.70580843       3.16413562e-15    -1.206256867954e-03     2.240161959296e-03     3.497689282175e-03
        133.94604964       1.74860126e-15    -1.206189164817e-03     2.295498767012e-03     3.500241081374e-03
        135.18629084       1.91513472e-15    -1.206124274102e-03     2.345627983670e-03     3.503499605177e-03
        136.42653204       2.19269047e-15    -1.206067970434e-03     2.389589077079e-03     3.507381941280e-03
        137.66677324      -2.49800181e-16    -1.206005988401e-03     2.426555539933e-03     3.511858959827e-03
        138.90701444       1.99840144e-15    -1.205922861494e-03     2.455981382170e-03     3.516921295813e-03
        140.14725564       2.13717932e-15    -1.205831958177e-03     2.477275481006e-03     3.522506714109e-03
        141.38749684      -1.33226763e-15    -1.205740994479e-03     2.490048777234e-03     3.528538128355e-03
        142.62773804       1.16573418e-15    -1.205644005285e-03     2.494012537145e-03     3.534990395677e-03
        143.86797924       2.77555756e-16    -1.205567132586e-03     2.489119837507e-03     3.541740938022e-03
        145.10822044       1.60982339e-15    -1.205550622815e-03     2.475560157486e-03     3.548706375283e-03
        146.34846164       1.04083409e-15    -1.205598107717e-03     2.453478655418e-03     3.555854564617e-03
        147.58870284       5.13478149e-16    -1.205673945696e-03     2.423222609273e-03     3.563040541774e-03
        148.82894404      -9.71445147e-17    -1.205777069222e-03     2.385290800842e-03     3.570156354994e-03
        150.06918524       4.44089210e-16    -1.205913706592e-03     2.340351024926e-03     3.577190068773e-03
        151.30942644       2.91433544e-16    -1.206095824005e-03     2.289233250961e-03     3.584063061760e-03
        152.54966764       1.13797860e-15    -1.206301201262e-03     2.232867551639e-03     3.590688703544e-03
        153.78990884      -1.52655666e-15    -1.206533670945e-03     2.172189068872e-03     3.596917107397e-03
        155.03015004       1.22124533e-15    -1.206755080196e-03     2.108227312310e-03     3.602684931489e-03
        156.27039124       1.17961196e-15    -1.206972581499e-03     2.041998108613e-03     3.607851966088e-03
        157.51063244       9.02056208e-16    -1.207166792417e-03     1.974658826541e-03     3.612439954245e-03
        158.75087364       1.11022302e-16    -1.207338021658e-03     1.907244415426e-03     3.616344340840e-03
        159.99111484       1.97064587e-15    -1.207459747690e-03     1.840979670044e-03     3.619460104358e-03
        161.23135604       5.96744876e-16    -1.207537842955e-03     1.776950011966e-03     3.621682860498e-03
        162.47159724       1.65145675e-15    -1.207577715793e-03     1.716150545361e-03     3.623070039476e-03
        163.71183844       3.02535774e-15    -1.207601962016e-03     1.659356033981e-03     3.623568935404e-03
        164.95207964       4.99600361e-16    -1.207611697462e-03     1.607342391454e-03     3.623130417566e-03
        166.19232084       4.02455846e-15    -1.207594637236e-03     1.560866939186e-03     3.621759616871e-03
        167.43256204       1.73472348e-15    -1.207547625146e-03     1.520541060835e-03     3.619481991747e-03
        168.67280324       3.74700271e-16    -1.207492048004e-03     1.486804249511e-03     3.616319189757e-03
        169.91304444       2.35922393e-16    -1.207447316828e-03     1.460036092243e-03     3.612254673628e-03
        171.15328564       2.27595720e-15    -1.207408816338e-03     1.440579578914e-03     3.607283797236e-03
        172.39352685      -1.01307851e-15    -1.207353329916e-03     1.428603811751e-03     3.601497399378e-03
        173.63376805       3.21964677e-15    -1.207275264792e-03     1.424129130175e-03     3.595077520854e-03
        174.87400925       1.74860126e-15    -1.207198508840e-03     1.427140567188e-03     3.588164329362e-03
        176.11425045       1.52655666e-15    -1.207145792767e-03     1.437502090236e-03     3.580853607744e-03
        177.35449165       8.04911693e-16    -1.207127680420e-03     1.454904063313e-03     3.573254923683e-03
        178.59473285       1.94289029e-15    -1.207136814609e-03     1.478996039859e-03     3.565477186461e-03
        179.83497405       1.90125693e-15    -1.207155699134e-03     1.509453262703e-03     3.557587140180e-03
        181.07521525       1.52655666e-16    -1.207165680049e-03     1.545853229670e-03     3.549654947753e-03
        182.31545645      -1.24900090e-16    -1.207169115132e-03     1.587630012454e-03     3.541802970240e-03
        183.55569765       8.60422844e-16    -1.207188842864e-03     1.634120681020e-03     3.534182264428e-03
        184.79593885      -7.35522754e-16    -1.207259740365e-03     1.684650370249e-03     3.526929067450e-03
        186.03618005       1.23512311e-15    -1.207389763655e-03     1.738557039825e-03     3.520152838942e-03
        187.27642125       2.35922393e-15    -1.207561617660e-03     1.795111527811e-03     3.513951309203e-03
        188.51666245      -3.60822483e-16    -1.207726829980e-03     1.853516353920e-03     3.508433812535e-03
        189.75690365       3.19189120e-16    -1.207882689511e-03     1.912887431017e-03     3.503685055817e-03
        190.99714485       1.87350135e-15    -1.208026293262e-03     1.972376537847e-03     3.499769783709e-03
        192.23738605       2.66453526e-15    -1.208162254183e-03     2.031169005062e-03     3.496727314102e-03
        193.47762725       5.41233725e-16    -1.208301840931e-03     2.088529429301e-03     3.494561942510e-03
        194.71786845      -1.05471187e-15    -1.208438962343e-03     2.143662105547e-03     3.493260556380e-03
        195.95810965       3.70536934e-15    -1.208545201075e-03     2.195718063787e-03     3.492855528061e-03
        197.19835085      -6.80011603e-16    -1.208617118323e-03     2.243951826787e-03     3.493386676146e-03
        198.43859205      -4.02455846e-16    -1.208664648880e-03     2.287843433749e-03     3.494853923787e-03
        199.67883325       1.77635684e-15    -1.208698144429e-03     2.326623013378e-03     3.497219390964e-03
        200.91907445       1.47104551e-15    -1.208677516511e-03     2.359780968892e-03     3.500430758703e-03
        202.15931565       2.83106871e-15    -1.208595616903e-03     2.386890207228e-03     3.504446592963e-03
        203.39955685      -1.38777878e-16    -1.208469725748e-03     2.407646185335e-03     3.509198643483e-03
        204.63979805       4.71844785e-16    -1.208312443957e-03     2.421807440525e-03     3.514595977844e-03
        205.88003925       1.37390099e-15    -1.208120752432e-03     2.429218358234e-03     3.520553523613e-03
        207.12028045      -1.11022302e-16    -1.207892281940e-03     2.429821390837e-03     3.526987519498e-03
        208.36052165       2.63677968e-16    -1.207646206370e-03     2.423610121007e-03     3.533821000437e-03
        209.60076286       2.91433544e-16    -1.207402756040e-03     2.410652695812e-03     3.541019503609e-03
        210.84100406       8.46545056e-16    -1.207165071292e-03     2.391161158901e-03     3.548512951840e-03
        212.08124526       6.93889390e-16    -1.206923323836e-03     2.365446252535e-03     3.556163977510e-03
        213.32148646       1.09634524e-15    -1.206673482099e-03     2.333912197872e-03     3.563821618085e-03
        214.56172766      -1.02695630e-15    -1.206430820272e-03     2.297052922671e-03     3.571393716444e-03
        215.80196886      -1.76247905e-15    -1.206215321953e-03     2.255363463141e-03     3.578795318447e-03
        217.04221006       8.04911693e-16    -1.206007375075e-03     2.209459896894e-03     3.585895922234e-03
        218.28245126       1.44328993e-15    -1.205788965470e-03     2.160074742674e-03     3.592602571124e-03
        219.52269246       1.22124533e-15    -1.205593444244e-03     2.107865744421e-03     3.598874794876e-03
        220.76293366       1.77635684e-15    -1.205449835166e-03     2.053447445811e-03     3.604647847777e-03
        222.00317486      -2.76167977e-15    -1.205333429863e-03     1.997644432416e-03     3.609799621434e-03
        223.24341606       8.04911693e-16    -1.205231486700e-03     1.941365999943e-03     3.614187246603e-03
        224.48365726       1.29063427e-15    -1.205145432346e-03     1.885308446407e-03     3.617707864773e-03
        225.72389846      -1.56819002e-15    -1.205103713053e-03     1.830042186675e-03     3.620373756984e-03
        226.96413966       2.60902411e-15    -1.205091676872e-03     1.776405127353e-03     3.622198405901e-03
        228.20438086       1.47104551e-15    -1.205161584269e-03     1.725198431395e-03     3.623144291357e-03
        229.44462206       4.71844785e-16    -1.205283723676e-03     1.677213900384e-03     3.623113514637e-03
        230.68486326       2.96984659e-15    -1.205395998165e-03     1.633208685689e-03     3.622048734328e-03
        231.92510446      -1.52655666e-16    -1.205496095495e-03     1.593810589498e-03     3.619947685500e-03
        233.16534566       1.66533454e-15    -1.205601515094e-03     1.559529395293e-03     3.616826712008e-03
        234.40558686       7.35522754e-16    -1.205726300206e-03     1.531041236282e-03     3.612693702668e-03
        235.64582806      -1.34614542e-15    -1.205885158114e-03     1.508737347275e-03     3.607648364490e-03
        236.88606926       1.94289029e-16    -1.206065059087e-03     1.492925108065e-03     3.601752899663e-03
        238.12631046       1.41553436e-15    -1.206217571546e-03     1.483899167066e-03     3.595057921018e-03
        239.36655166       4.99600361e-16    -1.206341936145e-03     1.481864180580e-03     3.587618685950e-03
        240.60679286      -4.16333634e-16    -1.206470946242e-03     1.486737528221e-03     3.579482138866e-03
        241.84703406      -4.16333634e-17    -1.206608748787e-03     1.498405150715e-03     3.570723452935e-03
        243.08727526       1.33226763e-15    -1.206760168918e-03     1.516819305697e-03     3.561519863608e-03
        244.32751646       3.73312492e-15    -1.206945963711e-03     1.541768694077e-03     3.552075300321e-03
        245.56775766       3.33066907e-16    -1.207167613882e-03     1.572882037561e-03     3.542539876058e-03
        246.80799886       4.16333634e-17    -1.207412172350e-03     1.609715866317e-03     3.533064162254e-03
        248.04824007      -4.57966998e-16    -1.207675536039e-03     1.651706015480e-03     3.523835059693e-03
        249.28848127      -3.05311332e-16    -1.207954666839e-03     1.698212703835e-03     3.515015956356e-03
        250.52872247       4.27435864e-15    -1.208244645584e-03     1.748571038787e-03     3.506760076083e-03
        251.76896367      -1.48492330e-15    -1.208540469428e-03     1.801993709955e-03     3.499230094019e-03
        253.00920487       1.97064587e-15    -1.208833670048e-03     1.857620507404e-03     3.492569088522e-03
        254.24944607      -3.19189120e-16    -1.209090770873e-03     1.914663535294e-03     3.486906889405e-03
        255.48968727       2.77555756e-17    -1.209343980438e-03     1.972257864008e-03     3.482379893709e-03
        256.72992847       1.22124533e-15    -1.209596065980e-03     2.029413604181e-03     3.479061469586e-03
        257.97016967       1.63757896e-15    -1.209826491395e-03     2.085226783392e-03     3.477014105748e-03
        259.21041087      -1.38777878e-17    -1.210005856936e-03     2.138828132258e-03     3.476361455029e-03
        260.45065207      -1.58206781e-15    -1.210110097912e-03     2.189365933645e-03     3.477187534740e-03
        261.69089327       2.27595720e-15    -1.210149710227e-03     2.235855687188e-03     3.479518119815e-03
        262.93113447      -3.33066907e-16    -1.210149474577e-03     2.277481263093e-03     3.483282583711e-03
        264.17137567       2.47024623e-15    -1.210086463083e-03     2.313541819878e-03     3.488384413440e-03
        265.41161687       4.57966998e-16    -1.209925247555e-03     2.343536710928e-03     3.494707210207e-03
        266.65185807       9.15933995e-16    -1.209669148571e-03     2.366858118245e-03     3.502171598718e-03
        267.89209927       2.99760217e-15    -1.209353882992e-03     2.382930957032e-03     3.510711481545e-03
        269.13234047       1.47104551e-15    -1.209005446765e-03     2.391368022369e-03     3.520192567956e-03
        270.37258167       2.77555756e-15    -1.208614214238e-03     2.391942326801e-03     3.530360830083e-03
        271.61282287      -2.63677968e-16    -1.208195833428e-03     2.384689154883e-03     3.541047356374e-03
        272.85306407       1.37390099e-15    -1.207756207932e-03     2.369736663588e-03     3.552038649963e-03
        274.09330527       2.35922393e-15    -1.207287043974e-03     2.347409814894e-03     3.563129178963e-03
        275.33354647       2.20656826e-15    -1.206789496979e-03     2.318156923540e-03     3.574153152959e-03
        276.57378767       4.19109192e-15    -1.206310561850e-03     2.282521942225e-03     3.584970006225e-03
        277.81402887       1.20736754e-15    -1.205880481676e-03     2.241142935508e-03     3.595386664387e-03
        279.05427007       2.94209102e-15    -1.205485630912e-03     2.194686967520e-03     3.605222797882e-03
        280.29451127       9.71445147e-16    -1.205121923605e-03     2.144060349393e-03     3.614315831633e-03
        281.53475247      -1.45716772e-15    -1.204793590714e-03     2.090333248239e-03     3.622487198905e-03
        282.77499367       9.43689571e-16    -1.204531615253e-03     2.034643161826e-03     3.629607684443e-03
        284.01523487       2.12330153e-15    -1.204350619779e-03     1.978046269568e-03     3.635616633389e-03
        285.25547607       3.71924713e-15    -1.204221142865e-03     1.921566514774e-03     3.640419503060e-03
        286.49571728       1.22124533e-15    -1.204124658215e-03     1.866218532609e-03     3.643936136438e-03
        287.73595848       4.71844785e-15    -1.204092979737e-03     1.812949252765e-03     3.646188864527e-03
        288.97619968      -1.04083409e-15    -1.204105538060e-03     1.762678833449e-03     3.647181668628e-03
        290.21644088      -1.52655666e-16    -1.204119422096e-03     1.716202421045e-03     3.646874878979e-03
        291.45668208      -4.02455846e-16    -1.204155028197e-03     1.674258161554e-03     3.645286445411e-03
        292.69692328      -1.55431223e-15    -1.204242894400e-03     1.637497901759e-03     3.642464745541e-03
        293.93716448      -5.13478149e-16    -1.204354183646e-03     1.606484402545e-03     3.638468722493e-03
        295.17740568       1.55431223e-15    -1.204477224365e-03     1.581447473670e-03     3.633382297835e-03
        296.41764688       1.38777878e-15    -1.204635709283e-03     1.562504184882e-03     3.627358398523e-03
        297.65788808       3.55271368e-15    -1.204840950095e-03     1.549829268376e-03     3.620493240741e-03
        298.89812928       6.52256027e-16    -1.205089706139e-03     1.543525531464e-03     3.612823105007e-03
        300.13837048       1.40165657e-15    -1.205372551302e-03     1.543475039559e-03     3.604424312045e-03
        301.37861168       2.63677968e-15    -1.205659819115e-03     1.549405124304e-03     3.595406019122e-03
        302.61885288      -2.16493490e-15    -1.205941441105e-03     1.561102508651e-03     3.585861926225e-03
        303.85909408       6.93889390e-16    -1.206228935573e-03     1.578272038108e-03     3.575913926162e-03
        305.09933528      -3.05311332e-16    -1.206534751213e-03     1.600443316789e-03     3.565691482350e-03
        306.33957648       4.16333634e-17    -1.206857807476e-03     1.627180937935e-03     3.555303245766e-03
        307.57981768       3.33066907e-16    -1.207185836618e-03     1.658124270824e-03     3.544873160591e-03
        308.82005888       1.80411242e-15    -1.207499973638e-03     1.692864510035e-03     3.534564944512e-03
        310.06030008       8.04911693e-16    -1.207779900789e-03     1.730940317763e-03     3.524500175795e-03
        311.30054128      -8.88178420e-16    -1.208023607687e-03     1.771765331561e-03     3.514732814076e-03
        312.54078248      -1.02695630e-15    -1.208243037935e-03     1.814688658278e-03     3.505309279194e-03
        313.78102368       1.16573418e-15    -1.208450406875e-03     1.859082675317e-03     3.496326870016e-03
        315.02126488       2.38697950e-15    -1.208639451806e-03     1.904354984522e-03     3.487947885077e-03
        316.26150608       2.34534614e-15    -1.208805186803e-03     1.950026314406e-03     3.480359500232e-03
        317.50174728       1.97064587e-15    -1.208929977335e-03     1.995680864470e-03     3.473683478363e-03
        318.74198848       1.87350135e-15    -1.209019995054e-03     2.040774364682e-03     3.467972358998e-03
        319.98222968       1.41553436e-15    -1.209094631946e-03     2.084657216498e-03     3.463275712785e-03
        321.22247088       9.71445147e-16    -1.209155516151e-03     2.126740623856e-03     3.459663701837e-03
        322.46271208       5.21804822e-15    -1.209194103290e-03     2.166507393240e-03     3.457213418962e-03
        323.70295329      -1.85962357e-15    -1.209204229022e-03     2.203443561487e-03     3.456005236677e-03
        324.94319449       1.41553436e-15    -1.209189659449e-03     2.236984045703e-03     3.456086102273e-03
        326.18343569       2.41473508e-15    -1.209169094693e-03     2.266655146465e-03     3.457460407366e-03
        327.42367689      -8.04911693e-16    -1.209161932819e-03     2.292075633172e-03     3.460145862669e-03
        328.66391809       2.16493490e-15    -1.209149139177e-03     2.312816434805e-03     3.464130776001e-03
        329.90415929      -7.77156117e-16    -1.209097636224e-03     2.328521717457e-03     3.469394982487e-03
        331.14440049       3.37230244e-15    -1.209018143163e-03     2.339037249326e-03     3.475890487911e-03
        332.38464169       1.60982339e-15    -1.208898801803e-03     2.344182606135e-03     3.483543025913e-03
        333.62488289       4.69069228e-15    -1.208731989807e-03     2.343760228850e-03     3.492235717061e-03
        334.86512409      -1.38777878e-16    -1.208540997287e-03     2.337718594870e-03     3.501860482752e-03
        336.10536529       1.80411242e-15    -1.208319263241e-03     2.326095488265e-03     3.512295694162e-03
        337.34560649       3.35842465e-15    -1.208040884936e-03     2.309032156862e-03     3.523417710483e-03
        338.58584769       8.74300632e-16    -1.207725017415e-03     2.286753465957e-03     3.535129394211e-03
        339.82608889       2.49800181e-15    -1.207383877608e-03     2.259397772292e-03     3.547275563170e-03
        341.06633009       4.85722573e-16    -1.206980243777e-03     2.227176882776e-03     3.559657576659e-03
        342.30657129       2.35922393e-15    -1.206526170490e-03     2.190594143494e-03     3.572082825589e-03
        343.54681249       5.55111512e-17    -1.206070987417e-03     2.150284748317e-03     3.584427528252e-03
        344.78705369       3.19189120e-16    -1.205625378444e-03     2.106830995474e-03     3.596535698529e-03
        346.02729489       1.12410081e-15    -1.205168098001e-03     2.060879815822e-03     3.608232565477e-03
        347.26753609       2.19269047e-15    -1.204701690328e-03     2.013122720433e-03     3.619327982520e-03
        348.50777729       4.48252546e-15    -1.204241742339e-03     1.964242320358e-03     3.629624225384e-03
        349.74801849       9.71445147e-16    -1.203822786730e-03     1.914913551199e-03     3.639003701275e-03
        350.98825969      -1.08246745e-15    -1.203453144552e-03     1.865846848887e-03     3.647400342981e-03
        352.22850089       1.24900090e-15    -1.203119835888e-03     1.817900225651e-03     3.654692537720e-03
        353.46874209       1.60982339e-15    -1.202834400339e-03     1.771870344390e-03     3.660765227911e-03
        354.70898329       3.37230244e-15    -1.202623894711e-03     1.728395958025e-03     3.665541742458e-03
        355.94922449       3.96904731e-15    -1.202523721157e-03     1.688077915130e-03     3.668936465743e-03
        357.18946569       1.70696790e-15    -1.202539276774e-03     1.651646218734e-03     3.670870164701e-03
        358.42970689       2.08166817e-16    -1.202687955654e-03     1.619722412971e-03     3.671328047389e-03
        359.66994809       1.85962357e-15    -1.202975478633e-03     1.592590581295e-03     3.670317593714e-03
        360.91018929       2.06779038e-15    -1.203396424184e-03     1.570592846481e-03     3.667860120366e-03
        362.15043050       4.16333634e-16    -1.203934010286e-03     1.554061495903e-03     3.664023601931e-03
        363.39067170       4.99600361e-16    -1.204548588557e-03     1.543229346800e-03     3.658851110152e-03
        364.63091290       1.87350135e-15    -1.205213259476e-03     1.538157591480e-03     3.652383564483e-03
        365.87115410       3.09474668e-15    -1.205938130616e-03     1.538778488245e-03     3.644695382041e-03
        367.11139530       3.41393580e-15    -1.206756487873e-03     1.545091134888e-03     3.635860795383e-03
        368.35163650       2.80331314e-15    -1.207648157380e-03     1.557039312462e-03     3.625947148260e-03
        369.59187770      -7.91033905e-16    -1.208567041756e-03     1.574399137223e-03     3.615044442566e-03
        370.83211890       8.32667268e-16    -1.209484858903e-03     1.596856090995e-03     3.603312972452e-03
        372.07236010      -3.33066907e-16    -1.210390239549e-03     1.623966802032e-03     3.590907769298e-03
        373.31260130       1.42941214e-15    -1.211257477610e-03     1.655211847363e-03     3.577959007143e-03
        374.55284250       1.54043445e-15    -1.212081298528e-03     1.690165270435e-03     3.564630203664e-03
        375.79308370       1.04083409e-15    -1.212857912205e-03     1.728449940527e-03     3.551122372471e-03
        377.03332490       2.49800181e-15    -1.213527526832e-03     1.769485765736e-03     3.537640174811e-03
        378.27356610       9.57567359e-16    -1.214048848301e-03     1.812628073871e-03     3.524359399570e-03
        379.51380730       3.13638004e-15    -1.214433152096e-03     1.857312104379e-03     3.511461352910e-03
        380.75404850       5.31519273e-15    -1.214699728714e-03     1.902920543787e-03     3.499131516878e-03
        381.99428970       2.77555756e-17    -1.214827346866e-03     1.948807181373e-03     3.487535953982e-03
        383.23453090      -1.79023463e-15    -1.214829875604e-03     1.994367136413e-03     3.476838191970e-03
        384.47477210       3.60822483e-16    -1.214689256371e-03     2.039209846586e-03     3.467151363268e-03
        385.71501330       1.01307851e-15    -1.214375193437e-03     2.082624603382e-03     3.458633678860e-03
        386.95525450       8.32667268e-16    -1.213900242833e-03     2.124072390146e-03     3.451452717144e-03
        388.19549570       2.33146835e-15    -1.213309481821e-03     2.162807877769e-03     3.445783822280e-03
        389.43573690       7.35522754e-16    -1.212632249395e-03     2.198497769708e-03     3.441671089077e-03
        390.67597810       2.31759056e-15    -1.211899256614e-03     2.230679980022e-03     3.439133204653e-03
        391.91621930       1.05471187e-15    -1.211103057125e-03     2.258860833630e-03     3.438228968989e-03
        393.15646050      -5.55111512e-16    -1.210234569996e-03     2.282555544717e-03     3.439012236606e-03
        394.39670170       3.33066907e-16    -1.209296134328e-03     2.301383428009e-03     3.441479468062e-03
        395.63694290       4.57966998e-16    -1.208344671567e-03     2.315115137721e-03     3.445575925366e-03
        396.87718410       2.49800181e-15    -1.207406941024e-03     2.323440054942e-03     3.451234038733e-03
        398.11742530       2.10942375e-15    -1.206468673090e-03     2.326221565285e-03     3.458373863923e-03
        399.35766650       2.95596880e-15    -1.205514366170e-03     2.323457536433e-03     3.466860217203e-03
        400.59790771       8.46545056e-16    -1.204562930175e-03     2.315145776752e-03     3.476550767535e-03
        401.83814891      -2.09554596e-15    -1.203634091161e-03     2.301316580201e-03     3.487315966093e-03
        403.07839011       5.68989300e-16    -1.202740960017e-03     2.282100712217e-03     3.499028624223e-03
        404.31863131       2.41473508e-15    -1.201897268415e-03     2.257740316503e-03     3.511530284607e-03
        405.55887251      -6.10622664e-16    -1.201132147432e-03     2.228529453460e-03     3.524633573376e-03
        406.79911371       3.05311332e-16    -1.200436390390e-03     2.194806002215e-03     3.538109103838e-03
        408.03935491       1.99840144e-15    -1.199795628967e-03     2.157111443029e-03     3.551747071102e-03
        409.27959611      -9.71445147e-16    -1.199214667162e-03     2.116127010763e-03     3.565407924314e-03
        410.51983731       2.05391260e-15    -1.198715336871e-03     2.072400358373e-03     3.578912281376e-03
        411.76007851       2.01227923e-15    -1.198331134143e-03     2.026570916229e-03     3.592013141545e-03
        413.00031971       1.66533454e-16    -1.198081377912e-03     1.979421924059e-03     3.604484131952e-03
        414.24056091      -1.31838984e-15    -1.197927671925e-03     1.931880689542e-03     3.616155523215e-03
        415.48080211      -1.60982339e-15    -1.197884506442e-03     1.884630794578e-03     3.626870786096e-03
        416.72104331       2.34534614e-15    -1.197984804423e-03     1.838352696178e-03     3.636520121642e-03
        417.96128451       7.35522754e-16    -1.198250725947e-03     1.793846734660e-03     3.644996697047e-03
        419.20152571       2.91433544e-16    -1.198679099303e-03     1.751948055382e-03     3.652165010060e-03
        420.44176691       1.52655666e-15    -1.199243087490e-03     1.713425738160e-03     3.657925880663e-03
        421.68200811       1.58206781e-15    -1.199966510068e-03     1.678930164916e-03     3.662248870893e-03
        422.92224931       1.24900090e-16    -1.200856778788e-03     1.649075549061e-03     3.665087222386e-03
        424.16249051       3.30291350e-15    -1.201874526472e-03     1.624311612727e-03     3.666399027388e-03
        425.40273171      -8.32667268e-17    -1.203008815033e-03     1.605053660585e-03     3.666217242063e-03
        426.64297291       2.10942375e-15    -1.204232381411e-03     1.591480945626e-03     3.664624309016e-03
        427.88321411       1.22124533e-15    -1.205519073158e-03     1.583818557609e-03     3.661651954066e-03
        429.12345531       3.52495810e-15    -1.206814291804e-03     1.582144900434e-03     3.657355595500e-03
        430.36369651       2.40085729e-15    -1.208095399583e-03     1.586334629542e-03     3.651830991693e-03
        431.60393771       1.44328993e-15    -1.209339751650e-03     1.596208827647e-03     3.645154259416e-03
        432.84417891       2.33146835e-15    -1.210504889944e-03     1.611577841092e-03     3.637443339537e-03
        434.08442011       1.09634524e-15    -1.211584754614e-03     1.632099496000e-03     3.628868521932e-03
        435.32466131       1.83186799e-15    -1.212593456300e-03     1.657388723070e-03     3.619532864561e-03
        436.56490251       2.49800181e-15    -1.213505242438e-03     1.687082755428e-03     3.609519961944e-03
        437.80514371       1.59594560e-15    -1.214266909177e-03     1.720611936999e-03     3.598987397930e-03
        439.04538492       2.23432384e-15    -1.214850224507e-03     1.757237307070e-03     3.588111893045e-03
        440.28562612      -9.29811783e-16    -1.215247991458e-03     1.796338953127e-03     3.577032773585e-03
        441.52586732      -1.11022302e-15    -1.215473451139e-03     1.837392570228e-03     3.565877098059e-03
        442.76610852       6.10622664e-16    -1.215539408779e-03     1.879754936248e-03     3.554748027715e-03
        444.00634972      -1.29063427e-15    -1.215476058467e-03     1.922720183172e-03     3.543739151672e-03
        445.24659092       2.63677968e-15    -1.215301685952e-03     1.965596891873e-03     3.532978104583e-03
        446.48683212       2.55351296e-15    -1.215008352298e-03     2.007714446877e-03     3.522564250802e-03
        447.72707332       2.44249065e-15    -1.214594809937e-03     2.048484081275e-03     3.512561229733e-03
        448.96731452       3.09474668e-15    -1.214073706649e-03     2.087379664658e-03     3.503098733035e-03
        450.20755572       1.52655666e-15    -1.213441500506e-03     2.123847441613e-03     3.494302822746e-03
        451.44779692      -3.05311332e-16    -1.212678239273e-03     2.157417494319e-03     3.486306712269e-03
        452.68803812       2.41473508e-15    -1.211818198958e-03     2.187647938577e-03     3.479198889252e-03
        453.92827932       2.24820162e-15    -1.210909513072e-03     2.214061303693e-03     3.472995257977e-03
        455.16852052      -8.04911693e-16    -1.209975998171e-03     2.236264494038e-03     3.467699115739e-03
        456.40876172       2.58126853e-15    -1.209040996686e-03     2.253941597047e-03     3.463404322033e-03
        457.64900292      -7.35522754e-16    -1.208113619448e-03     2.266806445131e-03     3.460238733254e-03
        458.88924412       7.21644966e-16    -1.207180311311e-03     2.274780242902e-03     3.458269649634e-03
        460.12948532      -8.60422844e-16    -1.206247271621e-03     2.277933860895e-03     3.457509665965e-03
        461.36972652       2.27595720e-15    -1.205330967869e-03     2.276305891006e-03     3.457967280148e-03
        462.60996772       2.26207941e-15    -1.204451837319e-03     2.269812229533e-03     3.459681731991e-03
        463.85020892       5.13478149e-16    -1.203638903580e-03     2.258451374086e-03     3.462693466361e-03
        465.09045012       1.22124533e-15    -1.202916231682e-03     2.242356279906e-03     3.466974887250e-03
        466.33069132      -5.55111512e-16    -1.202296499521e-03     2.221795151526e-03     3.472458003172e-03
        467.57093252       1.69309011e-15    -1.201776343255e-03     2.197033773411e-03     3.479068115813e-03
        468.81117372      -1.02695630e-15    -1.201347613510e-03     2.168370211955e-03     3.486762670537e-03
        470.05141492      -2.49800181e-16    -1.201019667014e-03     2.136165774915e-03     3.495510823848e-03
        471.29165612       1.74860126e-15    -1.200820620355e-03     2.100949335723e-03     3.505217612156e-03
        472.53189732       3.13638004e-15    -1.200760716775e-03     2.063378253221e-03     3.515731756855e-03
        473.77213852       1.91513472e-15    -1.200807264431e-03     2.024027563198e-03     3.526936105806e-03
        475.01237972       3.77475828e-15    -1.200906348383e-03     1.983363726882e-03     3.538689556815e-03
        476.25262093      -1.19348975e-15    -1.201052536774e-03     1.941980130542e-03     3.550782085825e-03
        477.49286213       2.63677968e-15    -1.201264559457e-03     1.900558873187e-03     3.563025846185e-03
        478.73310333       5.55111512e-16    -1.201550253908e-03     1.859682372563e-03     3.575282988140e-03
        479.97334453       9.29811783e-16    -1.201888599522e-03     1.819925921396e-03     3.587388503993e-03
        481.21358573       9.71445147e-16    -1.202261814500e-03     1.781970495886e-03     3.599117015849e-03
        482.45382693      -4.57966998e-16    -1.202655304177e-03     1.746424436197e-03     3.610252914440e-03
        483.69406813       3.17801341e-15    -1.203053217703e-03     1.713702745580e-03     3.620620509484e-03
        484.93430933       4.71844785e-16    -1.203472323946e-03     1.684336233646e-03     3.630057994490e-03
        486.17455053       3.38618023e-15    -1.203928376722e-03     1.658822934528e-03     3.638393224245e-03
        487.41479173       7.49400542e-16    -1.204493207161e-03     1.637633889091e-03     3.645499032005e-03
        488.65503293       2.26207941e-15    -1.205094845608e-03     1.621046072639e-03     3.651293185392e-03
        489.89527413       1.80411242e-16    -1.205704649530e-03     1.609308737890e-03     3.655694092494e-03
        491.13551533      -8.32667268e-17    -1.206317902938e-03     1.602560501508e-03     3.658623425185e-03
        492.37575653       3.53883589e-15    -1.206966448377e-03     1.600870230548e-03     3.660015958871e-03
        493.61599773       3.10862447e-15    -1.207696882443e-03     1.604279496457e-03     3.659847550007e-03
        494.85623893      -5.13478149e-16    -1.208518633369e-03     1.612827311284e-03     3.658114567002e-03
        496.09648013       1.54043445e-15    -1.209395732590e-03     1.626452828067e-03     3.654861554377e-03
        497.33672133       1.67921232e-15    -1.210275225622e-03     1.644959371847e-03     3.650219078279e-03
        498.57696253       1.31838984e-15    -1.211118183115e-03     1.668098658553e-03     3.644308847166e-03
        499.81720373       2.38697950e-15    -1.211931067660e-03     1.695593059521e-03     3.637184684805e-03
        501.05744493       1.55431223e-15    -1.212733010657e-03     1.727113368122e-03     3.628917520480e-03
        502.29768613       8.32667268e-16    -1.213499551150e-03     1.762193750935e-03     3.619661740568e-03
        503.53792733       1.83186799e-15    -1.214208243364e-03     1.800279072905e-03     3.609582753231e-03
        504.77816853       2.15105711e-15    -1.214855460022e-03     1.840867789069e-03     3.598806788124e-03
        506.01840973       4.10782519e-15    -1.215404502910e-03     1.883413087491e-03     3.587480042820e-03
        507.25865093       8.46545056e-16    -1.215821414996e-03     1.927330143730e-03     3.575791778074e-03
        508.49889213       1.19348975e-15    -1.216147634295e-03     1.971967442397e-03     3.563961466212e-03
        509.73913333       2.77555756e-16    -1.216410673439e-03     2.016572491113e-03     3.552176992219e-03
        510.97937453       1.27675648e-15    -1.216573283552e-03     2.060329813134e-03     3.540588816849e-03
        512.21961573       2.94209102e-15    -1.216585969570e-03     2.102572598638e-03     3.529341982716e-03
        513.45985693       4.71844785e-16    -1.216442343207e-03     2.142636253669e-03     3.518619650648e-03
        514.70009814       2.35922393e-16    -1.216148683478e-03     2.179856263602e-03     3.508627880811e-03
        515.94033934      -1.94289029e-16    -1.215704209576e-03     2.213602206972e-03     3.499512550865e-03
        517.18058054      -6.10622664e-16    -1.215105823423e-03     2.243306667932e-03     3.491331907167e-03
        518.42082174       1.85962357e-15    -1.214368130755e-03     2.268518932317e-03     3.484138738978e-03
        519.66106294       2.67841305e-15    -1.213514675404e-03     2.288684309969e-03     3.478094882575e-03
        520.90130414       2.05391260e-15    -1.212559602775e-03     2.303406451067e-03     3.473344497200e-03
        522.14154534       1.59594560e-15    -1.211508679738e-03     2.312455303771e-03     3.469920495714e-03
        523.38178654       1.91513472e-15    -1.210340886976e-03     2.315623945393e-03     3.467826586892e-03
        524.62202774       2.40085729e-15    -1.209034023780e-03     2.312804413778e-03     3.467061866790e-03
        525.86226894       2.19269047e-15    -1.207593191157e-03     2.304148359398e-03     3.467581785477e-03
        527.10251014       7.49400542e-16    -1.206051443803e-03     2.289843189890e-03     3.469349685998e-03
        528.34275134       2.17881269e-15    -1.204464052859e-03     2.270067024107e-03     3.472340861931e-03
        529.58299254       9.43689571e-16    -1.202884701991e-03     2.245114850158e-03     3.476479380328e-03
        530.82323374       2.47024623e-15    -1.201350158326e-03     2.215374153717e-03     3.481687212975e-03
        532.06347494       1.51267887e-15    -1.199886030659e-03     2.181346714183e-03     3.487906225080e-03
        533.30371614       3.40005801e-15    -1.198490802881e-03     2.143615251660e-03     3.495029216400e-03
        534.54395734       3.10862447e-15    -1.197171519713e-03     2.102747467840e-03     3.502880721864e-03
        535.78419854       1.41553436e-15    -1.196002937521e-03     2.059408754138e-03     3.511311482483e-03
        537.02443974       2.83106871e-15    -1.195034984573e-03     2.014375606545e-03     3.520228244921e-03
        538.26468094      -1.27675648e-15    -1.194256941100e-03     1.968395279656e-03     3.529536437989e-03
        539.50492214      -4.02455846e-16    -1.193654248695e-03     1.922188650746e-03     3.539098847918e-03
        540.74516334      -1.98452366e-15    -1.193242519726e-03     1.876560899830e-03     3.548764615932e-03
        541.98540454      -1.15185639e-15    -1.193024182967e-03     1.832237321233e-03     3.558417595753e-03
        543.22564574       1.91513472e-15    -1.193005605090e-03     1.789955057355e-03     3.567925928852e-03
        544.46588694      -1.17961196e-15    -1.193223959576e-03     1.750276891097e-03     3.577119369923e-03
        545.70612814       6.52256027e-16    -1.193699913034e-03     1.713899171259e-03     3.585824429536e-03
        546.94636934       4.44089210e-16    -1.194420589879e-03     1.681336936559e-03     3.593978198608e-03
        548.18661054       3.10862447e-15    -1.195339243801e-03     1.653044817697e-03     3.601535860648e-03
        549.42685174      -1.06858966e-15    -1.196409768365e-03     1.629528258379e-03     3.608397140813e-03
        550.66709294       3.05311332e-15    -1.197614337089e-03     1.611126059682e-03     3.614476740224e-03
        551.90733414       1.60982339e-15    -1.198944961551e-03     1.597998175214e-03     3.619702560443e-03
        553.14757535       2.05391260e-15    -1.200381713812e-03     1.590259945778e-03     3.624021486298e-03
        554.38781655       2.87270208e-15    -1.201923029497e-03     1.588002278854e-03     3.627395895211e-03
        555.62805775       5.68989300e-16    -1.203558754347e-03     1.591026924746e-03     3.629829900654e-03
        556.86829895       1.94289029e-15    -1.205242456122e-03     1.599166155722e-03     3.631322792772e-03
        558.10854015      -1.77635684e-15    -1.206946366017e-03     1.612351611040e-03     3.631891492888e-03
        559.34878135       5.55111512e-17    -1.208673254277e-03     1.630315423443e-03     3.631535398544e-03
        560.58902255       1.74860126e-15    -1.210399802474e-03     1.652623102625e-03     3.630255083634e-03
        561.82926375      -1.08246745e-15    -1.212090770460e-03     1.678826430650e-03     3.628083122744e-03
        563.06950495       2.77555756e-16    -1.213735589290e-03     1.708416637595e-03     3.625085708289e-03
        564.30974615      -1.77635684e-15    -1.215313438919e-03     1.740821906351e-03     3.621294948108e-03
        565.54998735       1.24900090e-15    -1.216796667852e-03     1.775464802344e-03     3.616743462917e-03
        566.79022855       3.33066907e-15    -1.218168097314e-03     1.811793591622e-03     3.611517074119e-03
        568.03046975       6.10622664e-16    -1.219387494122e-03     1.849313135745e-03     3.605719109054e-03
        569.27071095      -1.38777878e-16    -1.220413942940e-03     1.887342263893e-03     3.599407349320e-03
        570.51095215       1.24900090e-15    -1.221223357374e-03     1.925309384319e-03     3.592667922552e-03
        571.75119335       1.44328993e-15    -1.221839840622e-03     1.962647315029e-03     3.585597100277e-03
        572.99143455      -9.43689571e-16    -1.222254958124e-03     1.998774887642e-03     3.578266609688e-03
        574.23167575       1.11022302e-15    -1.222431688132e-03     2.033264110165e-03     3.570703554804e-03
        575.47191695       2.40085729e-15    -1.222344308617e-03     2.065773671921e-03     3.562951066488e-03
        576.71215815      -7.77156117e-16    -1.221989176393e-03     2.095943067925e-03     3.555123338744e-03
        577.95239935       1.48492330e-15    -1.221378242440e-03     2.123479034057e-03     3.547358827213e-03
        579.19264055       7.49400542e-16    -1.220546131782e-03     2.148151333803e-03     3.539761704144e-03
        580.43288175      -2.77555756e-16    -1.219519284376e-03     2.169691222259e-03     3.532429636657e-03
        581.67312295      -1.47104551e-15    -1.218293993725e-03     2.187930805931e-03     3.525441085769e-03
        582.91336415       2.16493490e-15    -1.216862803500e-03     2.202861485676e-03     3.518838342415e-03
        584.15360535      -1.24900090e-16    -1.215246779228e-03     2.214512993373e-03     3.512655928347e-03
        585.39384655       1.49880108e-15    -1.213480196628e-03     2.222863732610e-03     3.506989455874e-03
        586.63408775       8.04911693e-16    -1.211588897510e-03     2.227879206092e-03     3.501941895045e-03
        587.87432895       4.44089210e-16    -1.209630989309e-03     2.229533415311e-03     3.497557579064e-03
        589.11457015       1.80411242e-15    -1.207666182389e-03     2.227871030572e-03     3.493861138480e-03
        590.35481136       1.72084569e-15    -1.205717825758e-03     2.223019187384e-03     3.490924667009e-03
        591.59505256       2.59514632e-15    -1.203789735216e-03     2.215080622118e-03     3.488828753288e-03
        592.83529376       2.30371278e-15    -1.201901328592e-03     2.204119758389e-03     3.487595311010e-03
        594.07553496       3.19189120e-16    -1.200086458297e-03     2.190269346174e-03     3.487247113450e-03
        595.31577616       2.77555756e-16    -1.198359994859e-03     2.173723989021e-03     3.487815855507e-03
        596.55601736       3.19189120e-15    -1.196740649594e-03     2.154606331432e-03     3.489289628960e-03
        597.79625856      -1.09634524e-15    -1.195296783310e-03     2.133051208036e-03     3.491670883323e-03
        599.03649976      -9.71445147e-17    -1.194081249694e-03     2.109233203281e-03     3.494982326177e-03
        600.27674096       2.77555756e-17    -1.193065972101e-03     2.083358559759e-03     3.499193380338e-03
        601.51698216      -2.35922393e-15    -1.192230865814e-03     2.055692041875e-03     3.504209246360e-03
        602.75722336      -2.35922393e-16    -1.191599771799e-03     2.026519990930e-03     3.509932143416e-03
        603.99746456       2.26207941e-15    -1.191188356507e-03     1.996110741859e-03     3.516291901008e-03
        605.23770576       3.60822483e-16    -1.191016912917e-03     1.964805200432e-03     3.523254387610e-03
        606.47794696       1.02695630e-15    -1.191122505359e-03     1.933027333651e-03     3.530787336528e-03
        607.71818816       2.01227923e-15    -1.191503906674e-03     1.901184296727e-03     3.538793153531e-03
        608.95842936       8.74300632e-16    -1.192137890671e-03     1.869684751445e-03     3.547122355761e-03
        610.19867056       1.58206781e-15    -1.193027316677e-03     1.838959392508e-03     3.555607474879e-03
        611.43891176      -1.30451205e-15    -1.194144412394e-03     1.809438710979e-03     3.564093201026e-03
        612.67915296       2.40085729e-15    -1.195413110741e-03     1.781508271189e-03     3.572471737306e-03
        613.91939416       8.04911693e-16    -1.196865630592e-03     1.755699266703e-03     3.580641658386e-03
        615.15963536      -1.38777878e-15    -1.198503081111e-03     1.732427714278e-03     3.588488147789e-03
        616.39987656       2.22044605e-16    -1.200288589738e-03     1.712117873967e-03     3.595901576516e-03
        617.64011776       3.16413562e-15    -1.202173705058e-03     1.695198024249e-03     3.602781557605e-03
        618.88035896       2.41473508e-15    -1.204152278235e-03     1.681951006565e-03     3.609009208265e-03
        620.12060016       1.19348975e-15    -1.206216089208e-03     1.672594744307e-03     3.614456708946e-03
        621.36084136       1.87350135e-15    -1.208365024085e-03     1.667453171017e-03     3.619021959764e-03
        622.60108256       1.74860126e-15    -1.210538115191e-03     1.666697930033e-03     3.622641955975e-03
        623.84132376       3.85802501e-15    -1.212677522978e-03     1.670365996249e-03     3.625249892306e-03
        625.08156496       2.17881269e-15    -1.214738746822e-03     1.678367806628e-03     3.626809342445e-03
        626.32180616       1.11022302e-15    -1.216678652273e-03     1.690642323374e-03     3.627339099115e-03
        627.56204736      -1.94289029e-16    -1.218477366083e-03     1.707048969928e-03     3.626872991709e-03
        628.80228857       1.47104551e-15    -1.220125742874e-03     1.727297806174e-03     3.625434189126e-03
        630.04252977      -5.41233725e-16    -1.221602708941e-03     1.751076976849e-03     3.623033835702e-03
        631.28277097       2.99760217e-15    -1.222860073674e-03     1.778025429851e-03     3.619691220238e-03
        632.52301217       3.85802501e-15    -1.223866920988e-03     1.807676481962e-03     3.615455235027e-03
        633.76325337       2.83106871e-15    -1.224617487360e-03     1.839469347041e-03     3.610419270727e-03
        635.00349457       1.97064587e-15    -1.225083080800e-03     1.872790966670e-03     3.604695387121e-03
        636.24373577       1.11022302e-16    -1.225219019125e-03     1.907084999702e-03     3.598353032821e-03
        637.48397697       6.93889390e-16    -1.225019958505e-03     1.941869901448e-03     3.591441511901e-03
        638.72421817      -4.44089210e-16    -1.224503478957e-03     1.976459921700e-03     3.584082925790e-03
        639.96445937      -3.08086889e-15    -1.223684840015e-03     2.010199522538e-03     3.576420096132e-03
        641.20470057       1.80411242e-16    -1.222584451851e-03     2.042618519547e-03     3.568537898524e-03
        642.44494177       1.05471187e-15    -1.221189141497e-03     2.073210928781e-03     3.560514352957e-03
        643.68518297       9.43689571e-16    -1.219507801991e-03     2.101435427335e-03     3.552456595252e-03
        644.92542417      -2.22044605e-16    -1.217545569749e-03     2.126831115008e-03     3.544508571880e-03
        646.16566537      -1.24900090e-16    -1.215403175607e-03     2.149148969108e-03     3.536774999678e-03
        647.40590657       1.56819002e-15    -1.213126353009e-03     2.167990987730e-03     3.529353678889e-03
        648.64614777      -7.49400542e-16    -1.210761070039e-03     2.183071520580e-03     3.522328560650e-03
        649.88638897       2.16493490e-15    -1.208355590821e-03     2.194252712088e-03     3.515781863120e-03
        651.12663017      -1.66533454e-16    -1.205940711255e-03     2.201413196441e-03     3.509799690968e-03
        652.36687137       1.87350135e-15    -1.203557408737e-03     2.204471705356e-03     3.504467576829e-03
        653.60711257       5.77315973e-15    -1.201257056297e-03     2.203420889241e-03     3.499869285109e-03
        654.84735377      -9.99200722e-16    -1.199087914621e-03     2.198312175374e-03     3.496094583783e-03
        656.08759497       2.19269047e-15    -1.197105014186e-03     2.189306337153e-03     3.493221904102e-03
        657.32783617      -1.33226763e-15    -1.195344560681e-03     2.176602665283e-03     3.491280274821e-03
        658.56807737       2.16493490e-15    -1.193815549926e-03     2.160376091616e-03     3.490268391282e-03
        659.80831857      -1.05471187e-15    -1.192519598553e-03     2.140853595939e-03     3.490194567019e-03
        661.04855977       2.63677968e-16    -1.191467343369e-03     2.118348787658e-03     3.491040049127e-03
        662.28880097       2.80331314e-15    -1.190684895087e-03     2.093204429606e-03     3.492758050157e-03
        663.52904217       2.77555756e-16    -1.190213891679e-03     2.065775990685e-03     3.495344273657e-03
        664.76928337       7.77156117e-16    -1.190065802650e-03     2.036485535629e-03     3.498808826744e-03
        666.00952457       3.30291350e-15    -1.190206384380e-03     2.005794023366e-03     3.503105296052e-03
        667.24976578       1.84574578e-15    -1.190609508166e-03     1.974144319382e-03     3.508130571452e-03
        668.49000698      -1.38777878e-17    -1.191255989619e-03     1.941963613544e-03     3.513819174139e-03
        669.73024818      -4.30211422e-16    -1.192137960844e-03     1.909690732958e-03     3.520133537916e-03
        670.97048938       5.55111512e-17    -1.193231945937e-03     1.877749714952e-03     3.526994953397e-03
        672.21073058       4.85722573e-16    -1.194498917750e-03     1.846583363012e-03     3.534265776136e-03
        673.45097178       6.93889390e-16    -1.195866999352e-03     1.816599326774e-03     3.541841418106e-03
        674.69121298       3.60822483e-16    -1.197383257031e-03     1.788311044176e-03     3.549621075027e-03
        675.93145418       2.35922393e-15    -1.199026996181e-03     1.762181058290e-03     3.557508828525e-03
        677.17169538       7.91033905e-16    -1.200724178294e-03     1.738673846753e-03     3.565400708345e-03
        678.41193658       2.19269047e-15    -1.202435536140e-03     1.718174745704e-03     3.573194153958e-03
        679.65217778       1.54043445e-15    -1.204187128129e-03     1.701059168196e-03     3.580782628809e-03
        680.89241898       3.83026943e-15    -1.206010254258e-03     1.687736124624e-03     3.588047394704e-03
        682.13266018      -1.20736754e-15    -1.207830967806e-03     1.678381030415e-03     3.594885411731e-03
        683.37290138       2.91433544e-15    -1.209625612996e-03     1.673138881779e-03     3.601214808095e-03
        684.61314258      -1.05471187e-15    -1.211408532981e-03     1.672121762895e-03     3.606993937815e-03
        685.85338378       3.63598041e-15    -1.213154013458e-03     1.675365166373e-03     3.612166101434e-03
        687.09362498       3.31679129e-15    -1.214823398795e-03     1.682834094280e-03     3.616656952812e-03
        688.33386618      -2.91433544e-16    -1.216401731016e-03     1.694470603789e-03     3.620419095490e-03
        689.57410738       9.99200722e-16    -1.217884433062e-03     1.710134797506e-03     3.623399867412e-03
        690.81434858       3.10862447e-15    -1.219251764392e-03     1.729602190341e-03     3.625545604526e-03
        692.05458978       2.28983499e-15    -1.220475836774e-03     1.752541248083e-03     3.626831779624e-03
        693.29483098       3.78863607e-15    -1.221534175742e-03     1.778551887155e-03     3.627275052071e-03
        694.53507218       1.63757896e-15    -1.222417207816e-03     1.807181787933e-03     3.626870706575e-03
        695.77531338       2.44249065e-15    -1.223105342612e-03     1.837934635490e-03     3.625602628252e-03
        697.01555458       2.01227923e-15    -1.223563136177e-03     1.870290926463e-03     3.623502441091e-03
        698.25579578      -1.22124533e-15    -1.223771909884e-03     1.903724067972e-03     3.620644511231e-03
        699.49603698       2.05391260e-15    -1.223721336880e-03     1.937640324961e-03     3.617068188550e-03
        700.73627818      -7.07767178e-16    -1.223385012014e-03     1.971444849756e-03     3.612788963490e-03
        701.97651938       1.54043445e-15    -1.222764100263e-03     2.004634628928e-03     3.607861097346e-03
        703.21676058       2.77555756e-16    -1.221900683541e-03     2.036784562836e-03     3.602327110534e-03
        704.45700178      -3.60822483e-16    -1.220822371939e-03     2.067301974543e-03     3.596246173636e-03
        705.69724299      -5.82867088e-16    -1.219461359684e-03     2.095648997639e-03     3.589701451014e-03
        706.93748419       2.63677968e-16    -1.217887994656e-03     2.121507905369e-03     3.582733595033e-03
        708.17772539       2.56739074e-15    -1.216141060156e-03     2.144511873800e-03     3.575365032044e-03
        709.41796659       3.20576898e-15    -1.214227600235e-03     2.164391684301e-03     3.567641493516e-03
        710.65820779       3.16413562e-15    -1.212160091433e-03     2.181033733776e-03     3.559652961098e-03
        711.89844899       1.99840144e-15    -1.209979808381e-03     2.194294760638e-03     3.551482308546e-03
        713.13869019      -2.49800181e-16    -1.207742884501e-03     2.203974163730e-03     3.543207973090e-03
        714.37893139       2.22044605e-15    -1.205513680275e-03     2.209995350392e-03     3.534938748889e-03
        715.61917259       5.55111512e-17    -1.203334385971e-03     2.212385958903e-03     3.526791988773e-03
        716.85941379       2.53963517e-15    -1.201223513021e-03     2.211150972325e-03     3.518848658714e-03
        718.09965499      -1.38777878e-17    -1.199214401254e-03     2.206365094491e-03     3.511159385921e-03
        719.33989619       1.17961196e-15    -1.197369078809e-03     2.198224329989e-03     3.503819004522e-03
        720.58013739       3.80251386e-15    -1.195714936290e-03     2.186905469823e-03     3.496987522613e-03
        721.82037859       6.10622664e-16    -1.194219336553e-03     2.172537242494e-03     3.490837615859e-03
        723.06061979      -1.55431223e-15    -1.192863718032e-03     2.155277629367e-03     3.485459816815e-03
        724.30086099       2.70616862e-15    -1.191673947812e-03     2.135347010801e-03     3.480899130718e-03
        725.54110219       2.33146835e-15    -1.190691798154e-03     2.113005805604e-03     3.477250235585e-03
        726.78134339       2.56739074e-15    -1.189947885051e-03     2.088501671792e-03     3.474616755273e-03
        728.02158459       2.69229083e-15    -1.189426198334e-03     2.062117016377e-03     3.473073399452e-03
        729.26182579       3.33066907e-15    -1.189077153611e-03     2.034226508436e-03     3.472689743175e-03
        730.50206699       8.60422844e-16    -1.188902186469e-03     2.005159789430e-03     3.473499311906e-03
        731.74230819       2.78943535e-15    -1.188963261014e-03     1.975182452692e-03     3.475444037383e-03
        732.98254939       2.77555756e-17    -1.189273635088e-03     1.944598677920e-03     3.478470486072e-03
        734.22279059       2.96984659e-15    -1.189796454818e-03     1.913790300557e-03     3.482574248519e-03
        735.46303179       3.69149156e-15    -1.190502305456e-03     1.883221041539e-03     3.487753315667e-03
        736.70327299       2.23432384e-15    -1.191352575071e-03     1.853288116237e-03     3.493960052217e-03
        737.94351419       2.63677968e-15    -1.192375427942e-03     1.824441591140e-03     3.501085731108e-03
        739.18375539       3.46944695e-16    -1.193590882644e-03     1.797087879583e-03     3.509010440385e-03
        740.42399659       2.83106871e-15    -1.195002063399e-03     1.771654336883e-03     3.517615843176e-03
        741.66423779       2.67841305e-15    -1.196580697290e-03     1.748506752201e-03     3.526776712344e-03
        742.90447900       2.58126853e-15    -1.198295258517e-03     1.727997271845e-03     3.536342813807e-03
        744.14472020       3.05311332e-15    -1.200135393053e-03     1.710503145312e-03     3.546157154624e-03
        745.38496140       4.02455846e-16    -1.202094897233e-03     1.696367631521e-03     3.556077337304e-03
        746.62520260      -4.85722573e-16    -1.204151583820e-03     1.685903365521e-03     3.565968768461e-03
        747.86544380      -8.46545056e-16    -1.206276693699e-03     1.679427622235e-03     3.575710702464e-03
        749.10568500      -1.55431223e-15    -1.208441872600e-03     1.677084247714e-03     3.585197599135e-03
        750.34592620       4.14945855e-15    -1.210642287269e-03     1.678872269538e-03     3.594283589359e-03
        751.58616740       2.17881269e-15    -1.212882775516e-03     1.684723033015e-03     3.602844692474e-03
        752.82640860      -1.65145675e-15    -1.215147017807e-03     1.694553795482e-03     3.610831018491e-03
        754.06664980       2.08166817e-16    -1.217405131919e-03     1.708244800252e-03     3.618161716626e-03
        755.30689100       2.35922393e-15    -1.219615400123e-03     1.725598224033e-03     3.624743582154e-03
        756.54713220       2.02615702e-15    -1.221712956433e-03     1.746273436512e-03     3.630470384467e-03
        757.78737340       5.07927034e-15    -1.223653623961e-03     1.769878950987e-03     3.635279278677e-03
        759.02761460      -4.16333634e-16    -1.225455419211e-03     1.796018024193e-03     3.639137824363e-03
        760.26785580       8.88178420e-16    -1.227120622546e-03     1.824239497248e-03     3.642015273691e-03
        761.50809700      -1.19348975e-15    -1.228585318245e-03     1.854057018967e-03     3.643894657878e-03
        762.74833820       3.95516953e-15    -1.229727680260e-03     1.884845899566e-03     3.644802572822e-03
        763.98857940       2.23432384e-15    -1.230543916165e-03     1.916052519150e-03     3.644695700001e-03
        765.22882060       2.10942375e-15    -1.231008562783e-03     1.947190659271e-03     3.643563602665e-03
        766.46906180       2.19269047e-15    -1.231138927926e-03     1.977737823545e-03     3.641419356342e-03
        767.70930300      -4.16333634e-16    -1.230893737306e-03     2.007233579258e-03     3.638337987740e-03
        768.94954420       8.32667268e-17    -1.230282737399e-03     2.035251419692e-03     3.634392431531e-03
        770.18978540       4.24660307e-15    -1.229325582677e-03     2.061357835887e-03     3.629651096887e-03
        771.43002660       3.37230244e-15    -1.228008696306e-03     2.085174658099e-03     3.624144759346e-03
        772.67026780       2.92821323e-15    -1.226326201275e-03     2.106389246772e-03     3.617905182947e-03
        773.91050900       2.58126853e-15    -1.224327450414e-03     2.124744265301e-03     3.611005783682e-03
        775.15075020       8.32667268e-17    -1.222052434048e-03     2.139941152742e-03     3.603532734669e-03
        776.39099140       2.44249065e-15    -1.219519336601e-03     2.151863028542e-03     3.595551829341e-03
        777.63123260       4.05231404e-15    -1.216745871970e-03     2.160499334646e-03     3.587122736079e-03
        778.87147380       1.47104551e-15    -1.213772718129e-03     2.165820204570e-03     3.578287505324e-03
        780.11171500       2.51187959e-15    -1.210648821230e-03     2.167818804280e-03     3.569099108099e-03
        781.35195621      -1.73472348e-15    -1.207449513756e-03     2.166571295333e-03     3.559642831208e-03
        782.59219741       2.38697950e-15    -1.204234290064e-03     2.162169696233e-03     3.549995143840e-03
        783.83243861       1.24900090e-16    -1.201042592967e-03     2.154732336289e-03     3.540239220363e-03
        785.07267981       5.10702591e-15    -1.197932583080e-03     2.144426624022e-03     3.530491592181e-03
        786.31292101       2.47024623e-15    -1.194977982594e-03     2.131481605111e-03     3.520881054628e-03
        787.55316221      -1.02695630e-15    -1.192190948644e-03     2.116158369791e-03     3.511529068804e-03
        788.79340341       2.52575738e-15    -1.189585184325e-03     2.098713867352e-03     3.502577382533e-03
        790.03364461       1.74860126e-15    -1.187236872265e-03     2.079369381747e-03     3.494154660932e-03
        791.27388581       8.32667268e-16    -1.185201903281e-03     2.058413692454e-03     3.486382657095e-03
        792.51412701       7.21644966e-16    -1.183471174888e-03     2.036257887783e-03     3.479389935093e-03
        793.75436821      -1.09634524e-15    -1.182053171681e-03     2.013371091732e-03     3.473302244585e-03
        794.99460941       1.06858966e-15    -1.181009411385e-03     1.990141209649e-03     3.468211911343e-03
        796.23485061      -1.94289029e-16    -1.180386206135e-03     1.966907299639e-03     3.464203579586e-03
        797.47509181      -2.63677968e-16    -1.180183217788e-03     1.944047162453e-03     3.461366204411e-03
        798.71533301      -1.11022302e-16    -1.180372897449e-03     1.921833495362e-03     3.459762546028e-03
        799.95557421       2.38697950e-15    -1.181001310429e-03     1.900728873781e-03     3.459420589263e-03
        801.19581541      -1.33226763e-15    -1.182070250445e-03     1.881000269688e-03     3.460333893208e-03
        802.43605661       2.90045765e-15    -1.183570047849e-03     1.862898224437e-03     3.462490065379e-03
        803.67629781       1.02695630e-15    -1.185497225125e-03     1.846578429708e-03     3.465867858806e-03
        804.91653901       6.38378239e-16    -1.187833847105e-03     1.832215769092e-03     3.470448468428e-03
        806.15678021      -2.63677968e-16    -1.190506973353e-03     1.819921299877e-03     3.476227578102e-03
        807.39702141       1.74860126e-15    -1.193458372704e-03     1.809711293191e-03     3.483128380520e-03
        808.63726261       1.58206781e-15    -1.196660861710e-03     1.801620309703e-03     3.490994204126e-03
        809.87750381       1.66533454e-15    -1.200068238402e-03     1.795655053144e-03     3.499720460157e-03
        811.11774501      -8.32667268e-17    -1.203619054263e-03     1.791760559810e-03     3.509254284174e-03
        812.35798621       1.94289029e-16    -1.207248960035e-03     1.789920773838e-03     3.519448827252e-03
        813.59822741       2.51187959e-15    -1.210885731088e-03     1.790134502568e-03     3.530118901647e-03
        814.83846861       2.55351296e-15    -1.214445239522e-03     1.792247445420e-03     3.541126810004e-03
        816.07870981       1.23512311e-15    -1.217872108836e-03     1.796070746109e-03     3.552344156827e-03
        817.31895101       7.49400542e-16    -1.221103554553e-03     1.801501765565e-03     3.563596081011e-03
        818.55919221       5.55111512e-17    -1.224039145667e-03     1.808443188625e-03     3.574725090020e-03
        819.79943342       1.24900090e-15    -1.226595089264e-03     1.816736361572e-03     3.585624358358e-03
        821.03967462       2.34534614e-15    -1.228735874490e-03     1.826188658032e-03     3.596188915280e-03
        822.27991582      -1.66533454e-16    -1.230436534885e-03     1.836612417822e-03     3.606262333296e-03
        823.52015702       9.15933995e-16    -1.231684502275e-03     1.847885899765e-03     3.615672096381e-03
        824.76039822       4.03843625e-15    -1.232497231161e-03     1.859877949415e-03     3.624302590280e-03
        826.00063942       3.33066907e-16    -1.232886441380e-03     1.872403932845e-03     3.632064044327e-03
        827.24088062       1.65145675e-15    -1.232836002548e-03     1.885363543160e-03     3.638855793313e-03
        828.48112182       1.29063427e-15    -1.232332579279e-03     1.898723169882e-03     3.644628517835e-03
        829.72136302       3.84414722e-15    -1.231414009078e-03     1.912374533328e-03     3.649357846765e-03
        830.96160422      -1.45716772e-15    -1.230126307261e-03     1.926175103897e-03     3.653029985993e-03
        832.20184542       3.05311332e-16    -1.228488490425e-03     1.939940111357e-03     3.655654958655e-03
        833.44208662       1.05471187e-15    -1.226522659729e-03     1.953446129219e-03     3.657215302902e-03
        834.68232782      -1.26287869e-15    -1.224285532582e-03     1.966567254078e-03     3.657650842660e-03
        835.92256902      -1.30451205e-15    -1.221839891899e-03     1.979250270770e-03     3.656949236794e-03
        837.16281022       1.16573418e-15    -1.219216302457e-03     1.991388539429e-03     3.655130697771e-03
        838.40305142       1.56819002e-15    -1.216449361725e-03     2.002836875768e-03     3.652244251202e-03
        839.64329262       7.49400542e-16    -1.213606863475e-03     2.013487832542e-03     3.648357864262e-03
        840.88353382       1.63757896e-15    -1.210750149252e-03     2.023248576866e-03     3.643466258761e-03
        842.12377502       4.16333634e-16    -1.207919320073e-03     2.032039224908e-03     3.637518923883e-03
        843.36401622      -8.60422844e-16    -1.205151314624e-03     2.039802508051e-03     3.630561063658e-03
        844.60425742       1.37390099e-15    -1.202446020134e-03     2.046489718815e-03     3.622704412441e-03
        845.84449862       5.55111512e-16    -1.199813827120e-03     2.052018731567e-03     3.614046975190e-03
        847.08473982       2.17881269e-15    -1.197281688940e-03     2.056376892722e-03     3.604658322457e-03
        848.32498102       7.21644966e-16    -1.194892096688e-03     2.059581210328e-03     3.594656728058e-03
        849.56522222      -5.82867088e-16    -1.192678196168e-03     2.061619333096e-03     3.584154727029e-03
        850.80546342      -1.41553436e-15    -1.190693394375e-03     2.062471298546e-03     3.573208860213e-03
        852.04570462       9.57567359e-16    -1.188978665023e-03     2.062122815873e-03     3.561881674115e-03
        853.28594582      -8.60422844e-16    -1.187521013986e-03     2.060565203578e-03     3.550290396827e-03
        854.52618702       1.72084569e-15    -1.186301707156e-03     2.057782300197e-03     3.538568792992e-03
        855.76642822       7.21644966e-16    -1.185356541106e-03     2.053789812486e-03     3.526853245769e-03
        857.00666943       1.77635684e-15    -1.184745318118e-03     2.048643655961e-03     3.515313167189e-03
        858.24691063       3.71924713e-15    -1.184478409721e-03     2.042385125537e-03     3.504090044564e-03
        859.48715183       8.88178420e-16    -1.184529230800e-03     2.035042507514e-03     3.493324031859e-03
        860.72739303       8.32667268e-16    -1.184886365566e-03     2.026633844223e-03     3.483183301148e-03
        861.96763423      -1.19348975e-15    -1.185547553110e-03     2.017096672305e-03     3.473849107247e-03
        863.20787543      -2.77555756e-16    -1.186499650908e-03     2.006310267825e-03     3.465442945953e-03
        864.44811663       9.15933995e-16    -1.187721536283e-03     1.994307496194e-03     3.458083797822e-03
        865.68835783       2.88657986e-15    -1.189197290473e-03     1.981231180300e-03     3.451948678597e-03
        866.92859903       1.94289029e-16    -1.190905732783e-03     1.967146321816e-03     3.447169297832e-03
        868.16884023       1.91513472e-15    -1.192822017666e-03     1.952085285407e-03     3.443858350921e-03
        869.40908143       1.80411242e-15    -1.194912577556e-03     1.936202693336e-03     3.442141848437e-03
        870.64932263      -4.16333634e-16    -1.197142012477e-03     1.919700429736e-03     3.442087315403e-03
        871.88956383       1.33226763e-15    -1.199493683510e-03     1.902736202765e-03     3.443705681934e-03
        873.12980503       2.30371278e-15    -1.201956036958e-03     1.885526499976e-03     3.447025711171e-03
        874.37004623       2.56739074e-15    -1.204484248202e-03     1.868385726224e-03     3.452039801166e-03
        875.61028743       1.41553436e-15    -1.207021851599e-03     1.851638216188e-03     3.458683242645e-03
        876.85052863       8.32667268e-17    -1.209539671495e-03     1.835619575361e-03     3.466889836992e-03
        878.09076983       1.73472348e-15    -1.212001223171e-03     1.820689681681e-03     3.476597548698e-03
        879.33101103      -1.09634524e-15    -1.214357826075e-03     1.807159428186e-03     3.487686256053e-03
        880.57125223      -1.90125693e-15    -1.216570521962e-03     1.795370437401e-03     3.499935996199e-03
        881.81149343       1.22124533e-15    -1.218610101602e-03     1.785698080726e-03     3.513095520471e-03
        883.05173463       2.05391260e-15    -1.220460839837e-03     1.778455462027e-03     3.526945645297e-03
        884.29197583       2.77555756e-17    -1.222133019091e-03     1.773868673647e-03     3.541259974095e-03
        885.53221703       8.18789481e-16    -1.223631443809e-03     1.772180415892e-03     3.555769365191e-03
        886.77245823       1.65145675e-15    -1.224934499769e-03     1.773633627609e-03     3.570218632364e-03
        888.01269943       3.09474668e-15    -1.226021285910e-03     1.778355925625e-03     3.584367602150e-03
        889.25294063       1.52655666e-15    -1.226885639897e-03     1.786339190480e-03     3.597981578978e-03
        890.49318183      -9.71445147e-17    -1.227519608392e-03     1.797514116855e-03     3.610879461274e-03
        891.73342303       7.21644966e-16    -1.227908198517e-03     1.811719546582e-03     3.622885621915e-03
        892.97366423      -1.58206781e-15    -1.228067324940e-03     1.828692197472e-03     3.633787784035e-03
        894.21390543      -6.93889390e-17    -1.228028993427e-03     1.848221517661e-03     3.643392781768e-03
        895.45414664      -5.27355937e-16    -1.227799917891e-03     1.870117380154e-03     3.651550786585e-03
        896.69438784       2.52575738e-15    -1.227353182094e-03     1.893951741033e-03     3.658152485426e-03
        897.93462904       1.66533454e-16    -1.226671233611e-03     1.919139262933e-03     3.663133024981e-03
        899.17487024       1.47104551e-15    -1.225737951023e-03     1.945164106642e-03     3.666434241854e-03
        900.41511144      -5.68989300e-16    -1.224564989523e-03     1.971578412604e-03     3.667971267400e-03
        901.65535264       1.15185639e-15    -1.223151633731e-03     1.997906150764e-03     3.667773121680e-03
        902.89559384      -3.33066907e-16    -1.221523230258e-03     2.023614732524e-03     3.665900984044e-03
        904.13583504       3.60822483e-16    -1.219635323300e-03     2.048180163657e-03     3.662414527828e-03
        905.37607624      -8.18789481e-16    -1.217521413736e-03     2.071141946733e-03     3.657430800942e-03
        906.61631744       1.02695630e-15    -1.215206859235e-03     2.092047351355e-03     3.651123655516e-03
        907.85655864       1.30451205e-15    -1.212730825464e-03     2.110644393220e-03     3.643637013535e-03
        909.09679984       9.71445147e-16    -1.210106551343e-03     2.126628159976e-03     3.635115999132e-03
        910.33704104      -4.16333634e-16    -1.207347921115e-03     2.139738548233e-03     3.625679324472e-03
        911.57728224       9.85322934e-16    -1.204486203683e-03     2.149800314914e-03     3.615447374923e-03
        912.81752344       1.85962357e-15    -1.201578938127e-03     2.156640759705e-03     3.604598455781e-03
        914.05776464       8.18789481e-16    -1.198698740558e-03     2.160073269458e-03     3.593305036804e-03
        915.29800584       4.38538095e-15    -1.195904452813e-03     2.160025250363e-03     3.581696811280e-03
        916.53824704       9.15933995e-16    -1.193216484663e-03     2.156613231111e-03     3.569915572075e-03
        917.77848824       2.41473508e-15    -1.190669529356e-03     2.150014582284e-03     3.558127050240e-03
        919.01872944       8.60422844e-16    -1.188353273455e-03     2.140369490013e-03     3.546489664769e-03
        920.25897064       1.55431223e-15    -1.186354288040e-03     2.127837508750e-03     3.535144697513e-03
        921.49921184       2.49800181e-16    -1.184706210598e-03     2.112582840956e-03     3.524200189559e-03
        922.73945304      -1.19348975e-15    -1.183399735123e-03     2.094726841005e-03     3.513730417684e-03
        923.97969424       9.71445147e-17    -1.182450730366e-03     2.074512641762e-03     3.503909419861e-03
        925.21993544       2.65065747e-15    -1.181898068796e-03     2.052296135460e-03     3.494944947321e-03
        926.46017664       2.15105711e-15    -1.181786493579e-03     2.028448209233e-03     3.486958928517e-03
        927.70041784       2.87270208e-15    -1.182109284157e-03     2.003298806437e-03     3.479987108658e-03
        928.94065904       2.33146835e-15    -1.182841098776e-03     1.977209294427e-03     3.474079690407e-03
        930.18090024      -1.08246745e-15    -1.183990550605e-03     1.950561714138e-03     3.469304524755e-03
        931.42114144       1.48492330e-15    -1.185550450572e-03     1.923806488342e-03     3.465749364273e-03
        932.66138264       1.36002321e-15    -1.187455188262e-03     1.897356016239e-03     3.463503184599e-03
        933.90162385       1.13797860e-15    -1.189667350219e-03     1.871551322107e-03     3.462599981708e-03
        935.14186505       3.20576898e-15    -1.192199101637e-03     1.846772821042e-03     3.463025362163e-03
        936.38210625       1.49880108e-15    -1.195003305618e-03     1.823472390519e-03     3.464747645550e-03
        937.62234745      -3.05311332e-16    -1.198006120880e-03     1.802001708604e-03     3.467734460353e-03
        938.86258865      -4.57966998e-16    -1.201136553491e-03     1.782643551685e-03     3.471968374272e-03
        940.10282985       1.97064587e-15    -1.204326739899e-03     1.765671944505e-03     3.477425557223e-03
        941.34307105       1.09634524e-15    -1.207528248096e-03     1.751402105208e-03     3.484008817090e-03
        942.58331225       2.66453526e-15    -1.210690204084e-03     1.740068341791e-03     3.491556610628e-03
        943.82355345      -6.38378239e-16    -1.213751921990e-03     1.731793215265e-03     3.499947340945e-03
        945.06379465       6.66133815e-16    -1.216692921372e-03     1.726633542291e-03     3.509111859140e-03
        946.30403585       2.73392420e-15    -1.219497431810e-03     1.724612435841e-03     3.518922625142e-03
        947.54427705      -3.60822483e-16    -1.222100535757e-03     1.725670576147e-03     3.529249267209e-03
        948.78451825       2.04003481e-15    -1.224459965559e-03     1.729734055084e-03     3.540004492723e-03
        950.02475945       2.77555756e-16    -1.226580697561e-03     1.736722278170e-03     3.551063428963e-03
        951.26500065       2.30371278e-15    -1.228438182082e-03     1.746457706064e-03     3.562222653442e-03
        952.50524185       2.77555756e-17    -1.229972827311e-03     1.758713097322e-03     3.573319706480e-03
        953.74548305      -1.44328993e-15    -1.231164878085e-03     1.773228124637e-03     3.584212647938e-03
        954.98572425       3.46944695e-16    -1.232026363923e-03     1.789691279439e-03     3.594724386047e-03
        956.22596545      -4.16333634e-16    -1.232544413329e-03     1.807756278781e-03     3.604688479627e-03
        957.46620665       7.21644966e-16    -1.232703253322e-03     1.827135942616e-03     3.613996623103e-03
        958.70644785       2.35922393e-16    -1.232516621450e-03     1.847597140576e-03     3.622541423055e-03
        959.94668905       2.77555756e-17    -1.231992699498e-03     1.868809611219e-03     3.630173231381e-03
        961.18693025       5.17641485e-15    -1.231082289701e-03     1.890338974581e-03     3.636755200807e-03
        962.42717145       2.33146835e-15    -1.229764414929e-03     1.911874922536e-03     3.642201516843e-03
        963.66741265       1.20736754e-15    -1.228099190681e-03     1.933208835411e-03     3.646424826075e-03
        964.90765385       4.85722573e-16    -1.226130368333e-03     1.954120274917e-03     3.649369204321e-03
        966.14789505       5.41233725e-16    -1.223853460491e-03     1.974397312180e-03     3.651012043001e-03
        967.38813625       2.49800181e-15    -1.221291615972e-03     1.993853669439e-03     3.651328204508e-03
        968.62837745       7.63278329e-16    -1.218496029121e-03     2.012302496363e-03     3.650309488618e-03
        969.86861865       2.08166817e-16    -1.215492348480e-03     2.029601661134e-03     3.647999835585e-03
        971.10885986       5.68989300e-16    -1.212320482088e-03     2.045633122414e-03     3.644415585352e-03
        972.34910106       4.21884749e-15    -1.209034145904e-03     2.060290548827e-03     3.639548028344e-03
        973.58934226       2.33146835e-15    -1.205691262231e-03     2.073467753912e-03     3.633456294805e-03
        974.82958346       2.22044605e-15    -1.202364905626e-03     2.085102860234e-03     3.626271053682e-03
        976.06982466       2.02615702e-15    -1.199145896957e-03     2.095150596435e-03     3.618118791945e-03
        977.31006586      -7.35522754e-16    -1.196092567152e-03     2.103569151946e-03     3.609105047236e-03
        978.55030706       3.91353616e-15    -1.193233587474e-03     2.110353993091e-03     3.599367947116e-03
        979.79054826       1.44328993e-15    -1.190594452583e-03     2.115460280903e-03     3.589079211630e-03
        981.03078946       1.47104551e-15    -1.188194122265e-03     2.118785299035e-03     3.578424197866e-03
        982.27103066       1.54043445e-15    -1.186057822785e-03     2.120313235590e-03     3.567555059200e-03
        983.51127186       8.60422844e-16    -1.184258774358e-03     2.120090172482e-03     3.556586142140e-03
        984.75151306      -9.43689571e-16    -1.182841197254e-03     2.118067642170e-03     3.545649058910e-03
        985.99175426       2.49800181e-15    -1.181761566188e-03     2.114189797702e-03     3.534902394603e-03
        987.23199546       1.69309011e-15    -1.180990073776e-03     2.108489917005e-03     3.524511263354e-03
        988.47223666      -8.32667268e-17    -1.180556517909e-03     2.101042846048e-03     3.514584978384e-03
        989.71247786      -5.55111512e-16    -1.180479210225e-03     2.091950152540e-03     3.505244592328e-03
        990.95271906       2.05391260e-15    -1.180749294318e-03     2.081310657638e-03     3.496627782978e-03
        992.19296026      -9.02056208e-16    -1.181367187437e-03     2.069193784631e-03     3.488848915694e-03
        993.43320146       6.66133815e-16    -1.182316598635e-03     2.055669045293e-03     3.481997828679e-03
        994.67344266       3.73312492e-15    -1.183551224393e-03     2.040792011954e-03     3.476140669248e-03
        995.91368386      -6.24500451e-16    -1.185038329124e-03     2.024648817050e-03     3.471320287042e-03
        997.15392506       2.22044605e-16    -1.186790970968e-03     2.007409848325e-03     3.467564584860e-03
        998.39416626      -8.32667268e-17    -1.188823539192e-03     1.989257890524e-03     3.464908241191e-03
        999.63440746      -1.38777878e-16    -1.191104270069e-03     1.970339500815e-03     3.463392988817e-03
       1000.87464866       1.15185639e-15    -1.193568255179e-03     1.950835752610e-03     3.463052782777e-03
       1002.11488986      -1.54043445e-15    -1.196163103517e-03     1.930977657242e-03     3.463901027632e-03
       1003.35513106       1.30451205e-15    -1.198875723241e-03     1.910944827179e-03     3.465952914883e-03
       1004.59537226       1.04083409e-15    -1.201678074552e-03     1.890872384016e-03     3.469205681143e-03
       1005.83561346       1.06858966e-15    -1.204546219685e-03     1.870947420278e-03     3.473601899371e-03
       1007.07585466       4.16333634e-17    -1.207470849596e-03     1.851483731458e-03     3.479088317138e-03
       1008.31609586       4.99600361e-16    -1.210419750383e-03     1.832814411886e-03     3.485672111938e-03
       1009.55633707       2.63677968e-15    -1.213345322054e-03     1.815176608958e-03     3.493346360267e-03
       1010.79657827       6.10622664e-16    -1.216217969516e-03     1.798803925903e-03     3.502019767435e-03
       1012.03681947       2.85882429e-15    -1.218997548974e-03     1.783990022224e-03     3.511584844383e-03
       1013.27706067       2.06779038e-15    -1.221603513850e-03     1.771030906967e-03     3.521950082134e-03
       1014.51730187       1.66533454e-15    -1.223995430134e-03     1.760220811638e-03     3.532997087849e-03
       1015.75754307       9.85322934e-16    -1.226186296759e-03     1.751867462622e-03     3.544578661103e-03
       1016.99778427       2.13717932e-15    -1.228157815672e-03     1.746281032368e-03     3.556558509809e-03
       1018.23802547       3.05311332e-16    -1.229851073938e-03     1.743719983787e-03     3.568784412343e-03
       1019.47826667       4.16333634e-16    -1.231235310184e-03     1.744381872507e-03     3.581072508861e-03
       1020.71850787       3.83026943e-15    -1.232304033911e-03     1.748399791905e-03     3.593247021799e-03
       1021.95874907      -1.08246745e-15    -1.233038870237e-03     1.755805945418e-03     3.605144996881e-03
       1023.19899027      -1.67921232e-15    -1.233447951937e-03     1.766594326841e-03     3.616546843055e-03
       1024.43923147       1.38777878e-17    -1.233561662292e-03     1.780747564686e-03     3.627259950012e-03
       1025.67947267       1.30451205e-15    -1.233348894931e-03     1.798137708234e-03     3.637117784583e-03
       1026.91971387       1.11022302e-15    -1.232756537546e-03     1.818470040790e-03     3.645911977934e-03
       1028.15995507       1.60982339e-15    -1.231828621437e-03     1.841400158810e-03     3.653446329822e-03
       1029.40019627      -1.22124533e-15    -1.230626994781e-03     1.866572718127e-03     3.659561830298e-03
       1030.64043747       6.93889390e-16    -1.229150818089e-03     1.893690032596e-03     3.664134659673e-03
       1031.88067867       2.26207941e-15    -1.227348501296e-03     1.922188864065e-03     3.666979433091e-03
       1033.12091987      -7.91033905e-16    -1.225264390013e-03     1.951521785116e-03     3.668017078885e-03
       1034.36116107      -4.99600361e-16    -1.222937950261e-03     1.981010516757e-03     3.667194332670e-03
       1035.60140227       1.88737914e-15    -1.220376659334e-03     2.010154948821e-03     3.664512297321e-03
       1036.84164347       1.60982339e-15    -1.217584523869e-03     2.038407793209e-03     3.660003008132e-03
       1038.08188467       3.24740235e-15    -1.214592130187e-03     2.065219424175e-03     3.653732224229e-03
       1039.32212587       2.70616862e-15    -1.211436812082e-03     2.090057676480e-03     3.645796202318e-03
       1040.56236707       2.33146835e-15    -1.208154193757e-03     2.112457710705e-03     3.636323066369e-03
       1041.80260827       2.17881269e-15    -1.204777655746e-03     2.132004879606e-03     3.625478119830e-03
       1043.04284947       5.27355937e-16    -1.201326598173e-03     2.148304944915e-03     3.613460286099e-03
       1044.28309067       3.33066907e-16    -1.197831856644e-03     2.161053105107e-03     3.600495607532e-03
       1045.52333187       2.58126853e-15    -1.194366144015e-03     2.170047770397e-03     3.586842106448e-03
       1046.76357307       4.87110352e-15    -1.191025384150e-03     2.175130754269e-03     3.572791383879e-03
       1048.00381428       6.52256027e-16    -1.187881227595e-03     2.176164667524e-03     3.558639057888e-03
       1049.24405548      -1.12410081e-15    -1.184990099727e-03     2.173099566019e-03     3.544642017973e-03
       1050.48429668       1.58206781e-15    -1.182414366973e-03     2.166014272324e-03     3.530993291723e-03
       1051.72453788      -1.74860126e-15    -1.180210005673e-03     2.155062125533e-03     3.517905231211e-03
       1052.96477908       6.66133815e-16    -1.178415679869e-03     2.140401974867e-03     3.505588304207e-03
       1054.20502028       2.13717932e-15    -1.177087716615e-03     2.122280652047e-03     3.494232553114e-03
       1055.44526148       6.38378239e-16    -1.176279261143e-03     2.101060031134e-03     3.483990792929e-03
       1056.68550268       1.11022302e-16    -1.175998785216e-03     2.077048048296e-03     3.474997387434e-03
       1057.92574388       2.77555756e-16    -1.176287530024e-03     2.050646289605e-03     3.467418887499e-03
       1059.16598508      -5.55111512e-16    -1.177183889217e-03     2.022312345448e-03     3.461365808674e-03
       1060.40622628       1.83186799e-15    -1.178706900969e-03     1.992565532638e-03     3.456898544312e-03
       1061.64646748      -4.57966998e-16    -1.180860208386e-03     1.961909871847e-03     3.454005958509e-03
       1062.88670868      -2.80331314e-15    -1.183559893846e-03     1.930871626073e-03     3.452713496219e-03
       1064.12694988      -1.70696790e-15    -1.186743777949e-03     1.899934830644e-03     3.452998316833e-03
       1065.36719108       3.16413562e-15    -1.190368569091e-03     1.869631442972e-03     3.454773842940e-03
       1066.60743228       3.33066907e-16    -1.194386890174e-03     1.840415761946e-03     3.457978236403e-03
       1067.84767348       1.94289029e-16    -1.198693735991e-03     1.812818068860e-03     3.462564321776e-03
       1069.08791468       4.41313652e-15    -1.203172080070e-03     1.787377029886e-03     3.468435081721e-03
       1070.32815588       1.30451205e-15    -1.207731942647e-03     1.764596628394e-03     3.475449348485e-03
       1071.56839708       2.77555756e-17    -1.212275073171e-03     1.744856439754e-03     3.483501216913e-03
       1072.80863828       2.72004641e-15    -1.216704100591e-03     1.728435201879e-03     3.492477263010e-03
       1074.04887948       4.71844785e-16    -1.220945669328e-03     1.715593107786e-03     3.502212820097e-03
       1075.28912068      -7.07767178e-16    -1.224922694091e-03     1.706534174470e-03     3.512551216907e-03
       1076.52936188       6.38378239e-16    -1.228542684222e-03     1.701334785746e-03     3.523349915218e-03
       1077.76960308       4.45476989e-15    -1.231717686530e-03     1.700008827170e-03     3.534450601228e-03
       1079.00984428       2.98372438e-15    -1.234364138808e-03     1.702578184935e-03     3.545748647364e-03
       1080.25008548       1.80411242e-16    -1.236411825305e-03     1.709004974694e-03     3.557178215697e-03
