# Kick = [    1.000000000000e-05,     0.000000000000e+00,     0.000000000000e+00]
#            time            norm                    dmx                    dmy                    dmz
          0.00000000       4.16333634e-16    -1.205309640340e-03     1.944589406650e-03     3.560894497381e-03
          1.24024120       6.66133815e-16    -1.103905000822e-03     1.944586479990e-03     3.560818688230e-03
          2.48048240       3.99680289e-15    -1.009095265867e-03     1.944577013961e-03     3.560643506698e-03
          3.72072360      -4.71844785e-16    -9.195906332113e-04     1.944559370802e-03     3.560395565581e-03
          4.96096480       2.95596880e-15    -8.352911023990e-04     1.944550023794e-03     3.560116974726e-03
          6.20120600       1.74860126e-15    -7.586493539171e-04     1.944557918599e-03     3.559770834599e-03
          7.44144720      -5.55111512e-17    -6.908448189029e-04     1.944556067375e-03     3.559305274245e-03
          8.68168840       2.53963517e-15    -6.326176056612e-04     1.944544841534e-03     3.558731384628e-03
          9.92192960       2.05391260e-15    -5.856004033418e-04     1.944528456042e-03     3.558076807570e-03
         11.16217080       1.52655666e-15    -5.503516900087e-04     1.944516903140e-03     3.557342723476e-03
         12.40241200       1.94289029e-16    -5.270327570290e-04     1.944505976194e-03     3.556539926725e-03
         13.64265320       9.57567359e-16    -5.158398953191e-04     1.944490402845e-03     3.555687293971e-03
         14.88289440       3.66373598e-15    -5.165958671070e-04     1.944476629499e-03     3.554804828384e-03
         16.12313560       1.36002321e-15    -5.287600106136e-04     1.944452113441e-03     3.553903664644e-03
         17.36337680       3.33066907e-16    -5.516124954621e-04     1.944429642319e-03     3.553010698793e-03
         18.60361800       8.60422844e-16    -5.844994619708e-04     1.944389174161e-03     3.552136185564e-03
         19.84385921      -1.70696790e-15    -6.264260968116e-04     1.944344038893e-03     3.551307837582e-03
         21.08410041       3.69149156e-15    -6.763604884465e-04     1.944292950120e-03     3.550542587056e-03
         22.32434161       1.98452366e-15    -7.331538850912e-04     1.944234526085e-03     3.549857794905e-03
         23.56458281      -9.99200722e-16    -7.956289397200e-04     1.944171362736e-03     3.549262595900e-03
         24.80482401       3.42781359e-15    -8.626262316693e-04     1.944102487270e-03     3.548769700207e-03
         26.04506521      -2.35922393e-16    -9.329216791629e-04     1.944036294153e-03     3.548393105536e-03
         27.28530641       2.02615702e-15    -1.005407193905e-03     1.943981008248e-03     3.548139911607e-03
         28.52554761       2.99760217e-15    -1.078901590906e-03     1.943931843188e-03     3.548019783549e-03
         29.76578881       9.02056208e-16    -1.152378108684e-03     1.943889041999e-03     3.548035431901e-03
         31.00603001      -1.94289029e-16    -1.224742735012e-03     1.943838346723e-03     3.548195176841e-03
         32.24627121      -1.58206781e-15    -1.295018567529e-03     1.943776493358e-03     3.548493121903e-03
         33.48651241       2.87270208e-15    -1.362262468722e-03     1.943713167881e-03     3.548930173470e-03
         34.72675361       8.32667268e-17    -1.425684983324e-03     1.943660586167e-03     3.549493279905e-03
         35.96699481       1.54043445e-15    -1.484619305947e-03     1.943624176711e-03     3.550179650760e-03
         37.20723601      -7.77156117e-16    -1.538455122722e-03     1.943591030248e-03     3.550981633791e-03
         38.44747721       1.97064587e-15    -1.586573183299e-03     1.943575406247e-03     3.551902564927e-03
         39.68771841       8.32667268e-16    -1.628321434596e-03     1.943574986451e-03     3.552930076901e-03
         40.92795961       1.11022302e-16    -1.663253247948e-03     1.943597907648e-03     3.554062989446e-03
         42.16820081       2.38697950e-15    -1.691132836441e-03     1.943629516204e-03     3.555269907379e-03
         43.40844201       1.88737914e-15    -1.711828931501e-03     1.943668133914e-03     3.556518130432e-03
         44.64868321       3.08086889e-15    -1.725231866454e-03     1.943719329823e-03     3.557779948020e-03
         45.88892441      -3.60822483e-16    -1.731321637944e-03     1.943787062928e-03     3.559060898957e-03
         47.12916561       1.91513472e-15    -1.730183428902e-03     1.943861356709e-03     3.560370650272e-03
         48.36940681       1.44328993e-15    -1.721905925971e-03     1.943929012362e-03     3.561719421302e-03
         49.60964801       2.91433544e-16    -1.706595706825e-03     1.943996351636e-03     3.563048427583e-03
         50.84988921       2.69229083e-15    -1.684458296671e-03     1.944082683117e-03     3.564290617809e-03
         52.09013041       2.72004641e-15    -1.655852662740e-03     1.944191861385e-03     3.565460592358e-03
         53.33037161       1.36002321e-15    -1.621400576775e-03     1.944310826091e-03     3.566612639983e-03
         54.57061281       5.82867088e-16    -1.581770732683e-03     1.944418691623e-03     3.567714527720e-03
         55.81085401       1.19348975e-15    -1.537470645973e-03     1.944509019283e-03     3.568681839813e-03
         57.05109521      -6.66133815e-16    -1.488971281541e-03     1.944602059286e-03     3.569460841097e-03
         58.29133642       2.65065747e-15    -1.436925175296e-03     1.944713284837e-03     3.570046037843e-03
         59.53157762      -4.02455846e-16    -1.382157910577e-03     1.944813635510e-03     3.570459819991e-03
         60.77181882       2.80331314e-15    -1.325500025874e-03     1.944898566712e-03     3.570756836637e-03
         62.01206002       1.42941214e-15    -1.267705986942e-03     1.944969982392e-03     3.570940900892e-03
         63.25230122       1.30451205e-15    -1.209519548495e-03     1.945046153359e-03     3.571008037451e-03
         64.49254242       4.27435864e-15    -1.151709623745e-03     1.945105985328e-03     3.570887811917e-03
         65.73278362       3.19189120e-16    -1.095060737560e-03     1.945148257699e-03     3.570539122138e-03
         66.97302482       1.02695630e-15    -1.040354863230e-03     1.945185307431e-03     3.569979869402e-03
         68.21326602      -2.62290190e-15    -9.883117244858e-04     1.945229638839e-03     3.569240494706e-03
         69.45350722       1.36002321e-15    -9.395779677388e-04     1.945283773308e-03     3.568328412161e-03
         70.69374842       1.94289029e-16    -8.947791471039e-04     1.945355301372e-03     3.567264389448e-03
         71.93398962      -2.22044605e-16    -8.545761308318e-04     1.945429500436e-03     3.566058064925e-03
         73.17423082       8.32667268e-17    -8.195785602254e-04     1.945481107191e-03     3.564694276470e-03
         74.41447202       2.47024623e-15    -7.902760000129e-04     1.945515975811e-03     3.563185172301e-03
         75.65471322       5.27355937e-16    -7.670251675602e-04     1.945555083782e-03     3.561571536222e-03
         76.89495442       2.38697950e-15    -7.501438531903e-04     1.945591313948e-03     3.559869471718e-03
         78.13519562       1.83186799e-15    -7.399282828202e-04     1.945625071734e-03     3.558100038759e-03
         79.37543682       1.55431223e-15    -7.365419950776e-04     1.945657948939e-03     3.556294840257e-03
         80.61567802       4.51028104e-15    -7.400309825223e-04     1.945673473745e-03     3.554473541224e-03
         81.85591922       4.02455846e-15    -7.503157082276e-04     1.945667625344e-03     3.552654497410e-03
         83.09616042       3.77475828e-15    -7.672172612638e-04     1.945635232122e-03     3.550822501219e-03
         84.33640162       1.19348975e-15    -7.906199073560e-04     1.945573559767e-03     3.549015274737e-03
         85.57664282       3.94129174e-15    -8.202557568895e-04     1.945489240505e-03     3.547270138094e-03
         86.81688402      -3.19189120e-16    -8.557008121737e-04     1.945384548900e-03     3.545620678737e-03
         88.05712522      -1.65145675e-15    -8.964428638341e-04     1.945244741104e-03     3.544097038393e-03
         89.29736642       1.99840144e-15    -9.419407429929e-04     1.945075532261e-03     3.542729500389e-03
         90.53760762       2.49800181e-15    -9.915246855270e-04     1.944902869322e-03     3.541562448628e-03
         91.77784882       1.30451205e-15    -1.044445312900e-03     1.944716956866e-03     3.540623043810e-03
         93.01809002       2.19269047e-15    -1.099991756472e-03     1.944518656608e-03     3.539910196847e-03
         94.25833122      -1.52655666e-16    -1.157397376440e-03     1.944331584798e-03     3.539423348599e-03
         95.49857243       1.83186799e-15    -1.215823308901e-03     1.944154927809e-03     3.539178441783e-03
         96.73881363       9.99200722e-16    -1.274458175083e-03     1.943978130248e-03     3.539186240689e-03
         97.97905483       4.02455846e-16    -1.332485078537e-03     1.943815028155e-03     3.539460223704e-03
         99.21929603       4.02455846e-15    -1.389023679223e-03     1.943664088361e-03     3.540016360500e-03
        100.45953723       6.10622664e-16    -1.443231236381e-03     1.943505003803e-03     3.540841833241e-03
        101.69977843      -2.22044605e-16    -1.494306184345e-03     1.943350665294e-03     3.541887512395e-03
        102.94001963       9.43689571e-16    -1.541402213898e-03     1.943227608569e-03     3.543118634173e-03
        104.18026083       3.02535774e-15    -1.583758065131e-03     1.943135045047e-03     3.544551619812e-03
        105.42050203      -1.38777878e-15    -1.620838291615e-03     1.943041794688e-03     3.546226537673e-03
        106.66074323       1.36002321e-15    -1.652162006351e-03     1.942929744497e-03     3.548106848973e-03
        107.90098443       2.15105711e-15    -1.677154616948e-03     1.942810540021e-03     3.550078908912e-03
        109.14122563       1.70696790e-15    -1.695259789410e-03     1.942704629460e-03     3.552070844459e-03
        110.38146683       1.55431223e-15    -1.706058001348e-03     1.942627317460e-03     3.554101046446e-03
        111.62170803       1.38777878e-16    -1.709323265062e-03     1.942575662765e-03     3.556203455606e-03
        112.86194923      -1.38777878e-16    -1.704963630208e-03     1.942537065827e-03     3.558381585171e-03
        114.10219043       2.05391260e-15    -1.693016293915e-03     1.942532783462e-03     3.560574976540e-03
        115.34243163       1.05471187e-15    -1.673614329430e-03     1.942575344180e-03     3.562724314990e-03
        116.58267283      -1.08246745e-15    -1.646862162268e-03     1.942640139616e-03     3.564774814137e-03
        117.82291403       7.63278329e-16    -1.613013814092e-03     1.942719672336e-03     3.566699393555e-03
        119.06315523       7.91033905e-16    -1.572437505567e-03     1.942846221727e-03     3.568493069707e-03
        120.30339643       8.88178420e-16    -1.525721779020e-03     1.943019961938e-03     3.570183416924e-03
        121.54363763       4.59354776e-15    -1.473567943238e-03     1.943218360488e-03     3.571771829034e-03
        122.78387883      -1.02695630e-15    -1.416666305819e-03     1.943450124284e-03     3.573178723173e-03
        124.02412003       1.01307851e-15    -1.355818544885e-03     1.943704347428e-03     3.574331202264e-03
        125.26436123       1.70696790e-15    -1.291992378564e-03     1.943929323229e-03     3.575226148900e-03
        126.50460243       2.08166817e-15    -1.226234207495e-03     1.944136592336e-03     3.575879900060e-03
        127.74484363       0.00000000e+00    -1.159542006484e-03     1.944343476457e-03     3.576291791861e-03
        128.98508483      -2.91433544e-16    -1.092988563393e-03     1.944544509692e-03     3.576454504483e-03
        130.22532603       6.66133815e-16    -1.027712635404e-03     1.944749124592e-03     3.576371630769e-03
        131.46556723       3.69149156e-15    -9.647698920303e-04     1.944960698393e-03     3.576076608475e-03
        132.70580843       8.32667268e-17    -9.051695649926e-04     1.945162919150e-03     3.575593637116e-03
        133.94604964       1.77635684e-15    -8.499314239496e-04     1.945348379078e-03     3.574922349353e-03
        135.18629084      -9.99200722e-16    -8.000085595308e-04     1.945507523793e-03     3.574043510287e-03
        136.42653204       6.93889390e-17    -7.562800884933e-04     1.945632523773e-03     3.572933593194e-03
        137.66677324      -1.83186799e-15    -7.195309963839e-04     1.945733806871e-03     3.571605910202e-03
        138.90701444       3.38618023e-15    -6.903615270684e-04     1.945829187386e-03     3.570090218028e-03
        140.14725564       2.45636844e-15    -6.693579221753e-04     1.945922612411e-03     3.568405081008e-03
        141.38749684       3.63598041e-15    -6.569196079922e-04     1.946023398729e-03     3.566591397983e-03
        142.62773804       2.49800181e-15    -6.533982730934e-04     1.946132781680e-03     3.564683767779e-03
        143.86797924       2.66453526e-15    -6.588688234315e-04     1.946217566576e-03     3.562708398601e-03
        145.10822044       5.24580379e-15    -6.730856089625e-04     1.946238346202e-03     3.560674643015e-03
        146.34846164       6.93889390e-16    -6.958717638095e-04     1.946222808140e-03     3.558568793183e-03
        147.58870284       2.24820162e-15    -7.268265353142e-04     1.946224700888e-03     3.556408933719e-03
        148.82894404       9.43689571e-16    -7.654571541948e-04     1.946242447414e-03     3.554222041587e-03
        150.06918524       6.93889390e-16    -8.111698764917e-04     1.946238290642e-03     3.552051125069e-03
        151.30942644       1.73472348e-15    -8.631543288482e-04     1.946216495803e-03     3.549909876568e-03
        152.54966764       1.74860126e-15    -9.203931811372e-04     1.946189391977e-03     3.547776600132e-03
        153.78990884       2.55351296e-15    -9.818573389992e-04     1.946134720359e-03     3.545683345578e-03
        155.03015004      -3.88578059e-16    -1.046554108438e-03     1.946067828753e-03     3.543713671191e-03
        156.27039124      -1.49880108e-15    -1.113461011804e-03     1.945992523750e-03     3.541927129205e-03
        157.51063244      -8.60422844e-16    -1.181501354650e-03     1.945889800874e-03     3.540358925636e-03
        158.75087364       1.95676808e-15    -1.249547793644e-03     1.945779568123e-03     3.539024163959e-03
        159.99111484      -1.22124533e-15    -1.316387434024e-03     1.945678139196e-03     3.537898653373e-03
        161.23135604       2.30371278e-15    -1.380848890977e-03     1.945572464923e-03     3.536999315232e-03
        162.47159724       1.58206781e-15    -1.441994790732e-03     1.945444946662e-03     3.536422264190e-03
        163.71183844       9.15933995e-16    -1.499053452000e-03     1.945281000437e-03     3.536201247343e-03
        164.95207964       6.66133815e-16    -1.551254634049e-03     1.945091111991e-03     3.536284795840e-03
        166.19232084       3.33066907e-15    -1.597806891837e-03     1.944892772069e-03     3.536656300693e-03
        167.43256204      -2.77555756e-17    -1.638080284079e-03     1.944682634550e-03     3.537302093434e-03
        168.67280324       6.80011603e-16    -1.671668952801e-03     1.944443913660e-03     3.538194186231e-03
        169.91304444       5.27355937e-16    -1.698156327920e-03     1.944166158227e-03     3.539363325999e-03
        171.15328564       2.06779038e-15    -1.717196377641e-03     1.943864783269e-03     3.540859884204e-03
        172.39352685       5.82867088e-16    -1.728667386939e-03     1.943578664378e-03     3.542645340504e-03
        173.63376805       6.66133815e-16    -1.732589508170e-03     1.943342747385e-03     3.544649643370e-03
        174.87400925      -1.66533454e-16    -1.729002380528e-03     1.943144953606e-03     3.546816697704e-03
        176.11425045       2.53963517e-15    -1.718024227792e-03     1.942945119199e-03     3.549111225552e-03
        177.35449165      -1.11022302e-16    -1.699912855898e-03     1.942716515070e-03     3.551539193858e-03
        178.59473285       3.71924713e-15    -1.675023413382e-03     1.942474688010e-03     3.554131561787e-03
        179.83497405       1.16573418e-15    -1.643763489710e-03     1.942260854793e-03     3.556841498236e-03
        181.07521525       7.21644966e-16    -1.606583418133e-03     1.942104932809e-03     3.559552348961e-03
        182.31545645      -2.22044605e-15    -1.564017459098e-03     1.942012759111e-03     3.562177206313e-03
        183.55569765       1.38777878e-17    -1.516713110897e-03     1.941955861607e-03     3.564678603495e-03
        184.79593885       1.38777878e-17    -1.465384150086e-03     1.941909175238e-03     3.567042030210e-03
        186.03618005       1.22124533e-15    -1.410735970160e-03     1.941863964873e-03     3.569242183487e-03
        187.27642125       1.38777878e-17    -1.353519819031e-03     1.941854807312e-03     3.571227847811e-03
        188.51666245       3.95516953e-15    -1.294544833080e-03     1.941893263401e-03     3.572979174409e-03
        189.75690365      -9.71445147e-16    -1.234695473904e-03     1.941980898343e-03     3.574505907734e-03
        190.99714485      -1.05471187e-15    -1.174812144420e-03     1.942115681795e-03     3.575801311210e-03
        192.23738605       1.63757896e-15    -1.115690190415e-03     1.942283175110e-03     3.576832251249e-03
        193.47762725       2.12330153e-15    -1.058100393988e-03     1.942454533010e-03     3.577575466256e-03
        194.71786845       4.99600361e-16    -1.002798800845e-03     1.942623012805e-03     3.578051297715e-03
        195.95810965       5.55111512e-16    -9.505850094103e-04     1.942805440882e-03     3.578297514050e-03
        197.19835085       1.55431223e-15    -9.022412937343e-04     1.943008628711e-03     3.578311846089e-03
        198.43859205       9.02056208e-16    -8.584151212490e-04     1.943204939592e-03     3.578046627054e-03
        199.67883325       5.87030424e-15    -8.196842508577e-04     1.943398295097e-03     3.577480934175e-03
        200.91907445       2.90045765e-15    -7.866232717544e-04     1.943619873801e-03     3.576630868479e-03
        202.15931565       9.43689571e-16    -7.596855883487e-04     1.943875000840e-03     3.575524141447e-03
        203.39955685       6.10622664e-16    -7.391555596037e-04     1.944137704496e-03     3.574186186808e-03
        204.63979805      -5.13478149e-16    -7.252462849463e-04     1.944400009095e-03     3.572632700353e-03
        205.88003925       2.33146835e-15    -7.180718577837e-04     1.944673698564e-03     3.570873085533e-03
        207.12028045       4.20496971e-15    -7.176888946701e-04     1.944955815993e-03     3.568920996299e-03
        208.36052165       1.48492330e-15    -7.241268673508e-04     1.945235469395e-03     3.566774794645e-03
        209.60076286      -5.55111512e-16    -7.373725329898e-04     1.945507137451e-03     3.564419195079e-03
        210.84100406       1.11022302e-15    -7.571874245960e-04     1.945757311451e-03     3.561905901243e-03
        212.08124526       1.05471187e-15    -7.832183430514e-04     1.945987657395e-03     3.559304338283e-03
        213.32148646       2.78943535e-15    -8.150978681307e-04     1.946218293157e-03     3.556656729169e-03
        214.56172766       1.31838984e-15    -8.523946643506e-04     1.946443705168e-03     3.553998188131e-03
        215.80196886      -5.55111512e-17    -8.945405299512e-04     1.946643231699e-03     3.551374630545e-03
        217.04221006       1.97064587e-15    -9.408702741283e-04     1.946840931631e-03     3.548818557503e-03
        218.28245126       6.93889390e-16    -9.906885881064e-04     1.947039391891e-03     3.546385499972e-03
        219.52269246       1.52655666e-15    -1.043418615059e-03     1.947213057743e-03     3.544127944172e-03
        220.76293366       5.55111512e-16    -1.098427075413e-03     1.947335453990e-03     3.542052629137e-03
        222.00317486       1.66533454e-16    -1.154819586214e-03     1.947414640879e-03     3.540171998794e-03
        223.24341606       4.02455846e-16    -1.211656504641e-03     1.947440224109e-03     3.538557960170e-03
        224.48365726      -3.74700271e-16    -1.268295619343e-03     1.947423422670e-03     3.537250695709e-03
        225.72389846       4.30211422e-16    -1.324142802701e-03     1.947377527369e-03     3.536212664885e-03
        226.96413966      -1.29063427e-15    -1.378298627846e-03     1.947263164284e-03     3.535439728648e-03
        228.20438086       2.77555756e-15    -1.429923475105e-03     1.947049846494e-03     3.534981151390e-03
        229.44462206       3.74700271e-16    -1.478375740096e-03     1.946797681480e-03     3.534883031830e-03
        230.68486326       4.71844785e-16    -1.522852261779e-03     1.946537584159e-03     3.535192511126e-03
        231.92510446      -4.57966998e-16    -1.562642476281e-03     1.946273489315e-03     3.535921297632e-03
        233.16534566      -9.85322934e-16    -1.597206032246e-03     1.946002260888e-03     3.537036591946e-03
        234.40558686       4.30211422e-16    -1.625998612226e-03     1.945707241234e-03     3.538482909981e-03
        235.64582806       1.58206781e-15    -1.648530847667e-03     1.945418007312e-03     3.540218847067e-03
        236.88606926       1.13797860e-15    -1.664530723259e-03     1.945108423957e-03     3.542237207396e-03
        238.12631046       2.08166817e-16    -1.673625733168e-03     1.944819488998e-03     3.544516009817e-03
        239.36655166       8.60422844e-16    -1.675620309289e-03     1.944552544286e-03     3.546973124936e-03
        240.60679286       1.34614542e-15    -1.670630026737e-03     1.944286171094e-03     3.549563593763e-03
        241.84703406       2.16493490e-15    -1.658735023388e-03     1.944029961718e-03     3.552312481930e-03
        243.08727526      -1.72084569e-15    -1.639986801246e-03     1.943779040529e-03     3.555188570336e-03
        244.32751646       2.63677968e-15    -1.614632854668e-03     1.943510841230e-03     3.558118485514e-03
        245.56775766       2.41473508e-15    -1.583007768319e-03     1.943219887856e-03     3.561049234301e-03
        246.80799886       2.44249065e-15    -1.545544884789e-03     1.942912214804e-03     3.563914718269e-03
        248.04824007      -1.59594560e-15    -1.502862718399e-03     1.942581570348e-03     3.566636940027e-03
        249.28848127       3.01147995e-15    -1.455617001607e-03     1.942221943594e-03     3.569180322745e-03
        250.52872247      -5.27355937e-16    -1.404454896555e-03     1.941841010940e-03     3.571541445207e-03
        251.76896367      -2.63677968e-16    -1.350141414346e-03     1.941452523020e-03     3.573704653138e-03
        253.00920487       1.48492330e-15    -1.293547790500e-03     1.941101258718e-03     3.575627061040e-03
        254.24944607       1.41553436e-15    -1.235474615421e-03     1.940793369986e-03     3.577263323813e-03
        255.48968727       1.74860126e-15    -1.176926169240e-03     1.940535635895e-03     3.578588146728e-03
        256.72992847       1.65145675e-15    -1.118882874905e-03     1.940325715664e-03     3.579587439741e-03
        257.97016967      -9.15933995e-16    -1.062176536336e-03     1.940199485414e-03     3.580243200086e-03
        259.21041087       1.02695630e-15    -1.007689417938e-03     1.940201116311e-03     3.580556241967e-03
        260.45065207       4.24660307e-15    -9.564452554920e-04     1.940334392451e-03     3.580528760031e-03
        261.69089327       1.60982339e-15    -9.094613453535e-04     1.940569921300e-03     3.580122631827e-03
        262.93113447       4.99600361e-16    -8.674983196819e-04     1.940870379231e-03     3.579323576659e-03
        264.17137567       4.02455846e-15    -8.311412654001e-04     1.941244487073e-03     3.578174987127e-03
        265.41161687       8.04911693e-16    -8.009591366380e-04     1.941716557875e-03     3.576713248929e-03
        266.65185807       1.33226763e-15    -7.776655575080e-04     1.942269987087e-03     3.574968551925e-03
        267.89209927       5.41233725e-16    -7.618388723456e-04     1.942860900904e-03     3.572987702069e-03
        269.13234047       2.96984659e-15    -7.537997787006e-04     1.943491329603e-03     3.570744427255e-03
        270.37258167       1.51267887e-15    -7.537508088897e-04     1.944069500291e-03     3.568214556748e-03
        271.61282287       4.31599201e-15    -7.617158904383e-04     1.944632299930e-03     3.565469243996e-03
        272.85306407       1.55431223e-15    -7.774346806535e-04     1.945170671532e-03     3.562615408742e-03
        274.09330527       1.95676808e-15    -8.006093596702e-04     1.945697407150e-03     3.559689615894e-03
        275.33354647       1.47104551e-15    -8.308170912619e-04     1.946201593476e-03     3.556714222759e-03
        276.57378767       4.87110352e-15    -8.675183195530e-04     1.946654462254e-03     3.553759810007e-03
        277.81402887       5.16253706e-15    -9.100052005380e-04     1.947036245809e-03     3.550792939614e-03
        279.05427007      -2.16493490e-15    -9.575335931595e-04     1.947357961314e-03     3.547879690336e-03
        280.29451127       1.88737914e-15    -1.009179033386e-03     1.947629767544e-03     3.545102882820e-03
        281.53475247       2.31759056e-15    -1.063861692107e-03     1.947848004353e-03     3.542530549135e-03
        282.77499367      -7.63278329e-16    -1.120563135421e-03     1.947993041250e-03     3.540178160166e-03
        284.01523487      -6.93889390e-16    -1.178193942334e-03     1.948066033233e-03     3.538088289738e-03
        285.25547607       3.05311332e-16    -1.235506502928e-03     1.948091518646e-03     3.536283051384e-03
        286.49571728       2.74780199e-15    -1.291422702026e-03     1.948085275628e-03     3.534788915766e-03
        287.73595848       1.45716772e-15    -1.345121658955e-03     1.948026109913e-03     3.533652930612e-03
        288.97619968       1.17961196e-15    -1.395731623473e-03     1.947927254532e-03     3.532863563609e-03
        290.21644088       2.94209102e-15    -1.442352826975e-03     1.947836901405e-03     3.532379246428e-03
        291.45668208       1.01307851e-15    -1.484186624825e-03     1.947732596696e-03     3.532225062070e-03
        292.69692328      -1.15185639e-15    -1.520636510254e-03     1.947582834798e-03     3.532423058046e-03
        293.93716448       2.28983499e-15    -1.551283516333e-03     1.947409009928e-03     3.532963609794e-03
        295.17740568       4.44089210e-16    -1.575843228040e-03     1.947219172591e-03     3.533861650317e-03
        296.41764688      -4.57966998e-16    -1.594121029536e-03     1.946970731448e-03     3.535128690103e-03
        297.65788808      -1.62370117e-15    -1.606012140980e-03     1.946649188490e-03     3.536711330771e-03
        298.89812928      -5.55111512e-16    -1.611537128438e-03     1.946274247875e-03     3.538574508909e-03
        300.13837048       9.15933995e-16    -1.610768936591e-03     1.945855789483e-03     3.540709741937e-03
        301.37861168       5.68989300e-16    -1.603929611818e-03     1.945414624390e-03     3.543097700541e-03
        302.61885288       3.10862447e-15    -1.591302282979e-03     1.944953403473e-03     3.545685858003e-03
        303.85909408       2.15105711e-15    -1.573270996464e-03     1.944460244900e-03     3.548415288752e-03
        305.09933528       1.22124533e-15    -1.550282712441e-03     1.943945691820e-03     3.551280975501e-03
        306.33957648      -2.77555756e-16    -1.522730641367e-03     1.943424419320e-03     3.554271039110e-03
        307.57981768      -1.36002321e-15    -1.491018561139e-03     1.942906724980e-03     3.557319193833e-03
        308.82005888       1.06858966e-15    -1.455609445483e-03     1.942416175449e-03     3.560383957811e-03
        310.06030008      -3.88578059e-16    -1.416960357643e-03     1.941980863640e-03     3.563457512402e-03
        311.30054128       2.95596880e-15    -1.375646161595e-03     1.941614138178e-03     3.566492418185e-03
        312.54078248       2.53963517e-15    -1.332360819549e-03     1.941314739494e-03     3.569425235844e-03
        313.78102368       1.51267887e-15    -1.287730763050e-03     1.941066590033e-03     3.572192902218e-03
        315.02126488       1.83186799e-15    -1.242284834765e-03     1.940877527596e-03     3.574787570407e-03
        316.26150608       5.55111512e-17    -1.196532613546e-03     1.940759482383e-03     3.577187040155e-03
        317.50174728       1.80411242e-15    -1.150873532622e-03     1.940717246099e-03     3.579388193820e-03
        318.74198848       2.38697950e-15    -1.105800938060e-03     1.940729917481e-03     3.581348812112e-03
        319.98222968       1.37390099e-15    -1.061964711628e-03     1.940769649257e-03     3.582990691281e-03
        321.22247088       1.80411242e-15    -1.019900905374e-03     1.940838358720e-03     3.584259473416e-03
        322.46271208      -4.71844785e-16    -9.800802773636e-04     1.940939038399e-03     3.585149683469e-03
        323.70295329       7.77156117e-16    -9.431035081193e-04     1.941073903097e-03     3.585679027232e-03
        324.94319449      -4.16333634e-16    -9.095773121364e-04     1.941251929881e-03     3.585850794232e-03
        326.18343569      -2.02615702e-15    -8.798833716148e-04     1.941460157165e-03     3.585638007464e-03
        327.42367689       2.78943535e-15    -8.544223811735e-04     1.941664917811e-03     3.585012564502e-03
        328.66391809       3.46944695e-16    -8.336773575834e-04     1.941890342604e-03     3.583987321592e-03
        329.90415929       6.10622664e-16    -8.179288596653e-04     1.942160417973e-03     3.582596960631e-03
        331.14440049       5.55111512e-17    -8.072891891788e-04     1.942461238567e-03     3.580885506785e-03
        332.38464169       2.80331314e-15    -8.020157485649e-04     1.942800419267e-03     3.578866614287e-03
        333.62488289       4.24660307e-15    -8.023920429512e-04     1.943196969654e-03     3.576557114896e-03
        334.86512409       1.36002321e-15    -8.084599251927e-04     1.943631535386e-03     3.573978442918e-03
        336.10536529       9.15933995e-16    -8.201306932989e-04     1.944092824139e-03     3.571178054168e-03
        337.34560649      -7.77156117e-16    -8.372576416500e-04     1.944598332265e-03     3.568187345626e-03
        338.58584769       4.49640325e-15    -8.597032395530e-04     1.945129080640e-03     3.565053115714e-03
        339.82608889       2.02615702e-15    -8.873163565903e-04     1.945678913073e-03     3.561832653126e-03
        341.06633009      -9.02056208e-16    -9.198486793527e-04     1.946279020668e-03     3.558545562908e-03
        342.30657129       8.32667268e-17    -9.568708694299e-04     1.946915841388e-03     3.555191341068e-03
        343.54681249       1.09634524e-15    -9.977818369191e-04     1.947534085761e-03     3.551810832271e-03
        344.78705369      -2.47024623e-15    -1.041967312643e-03     1.948121363110e-03     3.548477972297e-03
        346.02729489      -1.83186799e-15    -1.088835005744e-03     1.948695974482e-03     3.545234784550e-03
        347.26753609      -2.63677968e-16    -1.137672766379e-03     1.949248670043e-03     3.542101090385e-03
        348.50777729       2.73392420e-15    -1.187654582940e-03     1.949744664343e-03     3.539093422773e-03
        349.74801849       2.83106871e-15    -1.238068833696e-03     1.950173969432e-03     3.536247324156e-03
        350.98825969       1.66533454e-15    -1.288279061579e-03     1.950537628558e-03     3.533651178888e-03
        352.22850089       1.94289029e-16    -1.337498099906e-03     1.950841861041e-03     3.531391923150e-03
        353.46874209       8.60422844e-16    -1.384922086296e-03     1.951071567222e-03     3.529478431179e-03
        354.70898329      -1.19348975e-15    -1.429824533781e-03     1.951199074385e-03     3.527897429583e-03
        355.94922449       5.23192600e-15    -1.471490014104e-03     1.951194091825e-03     3.526678006334e-03
        357.18946569      -1.52655666e-16    -1.509233345517e-03     1.951046698784e-03     3.525865150814e-03
        358.42970689       1.11022302e-16    -1.542544274280e-03     1.950731810089e-03     3.525492339576e-03
        359.66994809       1.38777878e-16    -1.570901169487e-03     1.950247012807e-03     3.525601366023e-03
        360.91018929       3.85802501e-15    -1.593904439079e-03     1.949586560939e-03     3.526181892755e-03
        362.15043050       1.95676808e-15    -1.611203171556e-03     1.948772999489e-03     3.527232314872e-03
        363.39067170       2.44249065e-15    -1.622647332916e-03     1.947836517746e-03     3.528711401906e-03
        364.63091290      -2.49800181e-16    -1.628118623257e-03     1.946815080603e-03     3.530596461355e-03
        365.87115410       2.52575738e-15    -1.627612478516e-03     1.945703650700e-03     3.532837488369e-03
        367.11139530       2.04003481e-15    -1.621188582516e-03     1.944492219078e-03     3.535432128109e-03
        368.35163650       4.26048086e-15    -1.608972310499e-03     1.943196449812e-03     3.538361762100e-03
        369.59187770       2.49800181e-15    -1.591197823799e-03     1.941877444677e-03     3.541603474122e-03
        370.83211890       1.44328993e-15    -1.568193706317e-03     1.940573456229e-03     3.545116065099e-03
        372.07236010       2.94209102e-15    -1.540390234267e-03     1.939325509107e-03     3.548811062769e-03
        373.31260130       1.54043445e-15    -1.508247189927e-03     1.938182596763e-03     3.552586522294e-03
        374.55284250       1.60982339e-15    -1.472194348476e-03     1.937146226378e-03     3.556409660117e-03
        375.79308370       3.94129174e-15    -1.432728311924e-03     1.936209890804e-03     3.560266182824e-03
        377.03332490      -7.49400542e-16    -1.390427640894e-03     1.935424329862e-03     3.564086265879e-03
        378.27356610       2.23432384e-15    -1.345888389139e-03     1.934834286714e-03     3.567795371748e-03
        379.51380730       2.41473508e-15    -1.299720591363e-03     1.934425300584e-03     3.571350707770e-03
        380.75404850      -1.56819002e-15    -1.252562608200e-03     1.934185525759e-03     3.574714348552e-03
        381.99428970       4.57966998e-16    -1.205035617668e-03     1.934127863837e-03     3.577851440465e-03
        383.23453090       2.58126853e-15    -1.157688783414e-03     1.934252677174e-03     3.580710615111e-03
        384.47477210       3.02535774e-15    -1.111115952913e-03     1.934563921098e-03     3.583192461191e-03
        385.71501330       2.42861287e-15    -1.065847090189e-03     1.935083078894e-03     3.585230027701e-03
        386.95525450       1.29063427e-15    -1.022647222817e-03     1.935763613344e-03     3.586829473673e-03
        388.19549570       3.05311332e-15    -9.820411271058e-04     1.936589354925e-03     3.588014243337e-03
        389.43573690       2.49800181e-15    -9.444981386530e-04     1.937560321196e-03     3.588793522849e-03
        390.67597810      -1.69309011e-15    -9.105098766962e-04     1.938618743946e-03     3.589170797589e-03
        391.91621930       2.66453526e-15    -8.805320673702e-04     1.939740062986e-03     3.589148459637e-03
        393.15646050       1.58206781e-15    -8.551026629315e-04     1.940901905772e-03     3.588696422345e-03
        394.39670170       1.36002321e-15    -8.345870847304e-04     1.942091564294e-03     3.587783542485e-03
        395.63694290      -3.88578059e-16    -8.193140669865e-04     1.943256393782e-03     3.586436550027e-03
        396.87718410      -2.91433544e-15    -8.096134954263e-04     1.944395882498e-03     3.584730875889e-03
        398.11742530       1.13797860e-15    -8.056892893711e-04     1.945512706850e-03     3.582675480105e-03
        399.35766650       2.72004641e-15    -8.075259547096e-04     1.946610960462e-03     3.580275525629e-03
        400.59790771       7.77156117e-16    -8.151743174092e-04     1.947670160154e-03     3.577569952604e-03
        401.83814891      -9.02056208e-16    -8.286775279571e-04     1.948681820262e-03     3.574612303012e-03
        403.07839011       4.02455846e-16    -8.478869740949e-04     1.949658893492e-03     3.571435568787e-03
        404.31863131       3.19189120e-15    -8.725404171708e-04     1.950583193201e-03     3.568070901328e-03
        405.55887251       4.77395901e-15    -9.023692201193e-04     1.951431120392e-03     3.564561981197e-03
        406.79911371       2.27595720e-15    -9.370915942650e-04     1.952199335132e-03     3.560956166148e-03
        408.03935491       9.85322934e-16    -9.761799968331e-04     1.952887430073e-03     3.557331992234e-03
        409.27959611       4.69069228e-15    -1.018883539407e-03     1.953487599819e-03     3.553755575711e-03
        410.51983731      -1.94289029e-16    -1.064648093401e-03     1.953979486183e-03     3.550264070533e-03
        411.76007851      -9.99200722e-16    -1.112827704060e-03     1.954319822950e-03     3.546908781908e-03
        413.00031971       7.21644966e-16    -1.162605674311e-03     1.954537361834e-03     3.543739246643e-03
        414.24056091       2.30371278e-15    -1.212939867331e-03     1.954599921366e-03     3.540780725525e-03
        415.48080211       6.38378239e-16    -1.263127559358e-03     1.954521319437e-03     3.538026888194e-03
        416.72104331       6.43929354e-15    -1.312403697820e-03     1.954290736172e-03     3.535529383755e-03
        417.96128451       1.52655666e-15    -1.359881256120e-03     1.953904507415e-03     3.533335560063e-03
        419.20152571       9.71445147e-17    -1.404757073216e-03     1.953385695987e-03     3.531452363813e-03
        420.44176691       3.53883589e-15    -1.446270159654e-03     1.952764335773e-03     3.529879595788e-03
        421.68200811       0.00000000e+00    -1.483603892382e-03     1.952017961264e-03     3.528647220766e-03
        422.92224931      -1.77635684e-15    -1.516138667176e-03     1.951127094107e-03     3.527766688843e-03
        424.16249051       1.83186799e-15    -1.543339122552e-03     1.950107923845e-03     3.527251273551e-03
        425.40273171       8.60422844e-16    -1.564784350820e-03     1.948992646185e-03     3.527129733451e-03
        426.64297291       1.04083409e-15    -1.580171989814e-03     1.947790318217e-03     3.527447348052e-03
        427.88321411       3.05311332e-16    -1.589200841178e-03     1.946534027614e-03     3.528208093164e-03
        429.12345531      -8.32667268e-17    -1.591787562639e-03     1.945248333202e-03     3.529368515225e-03
        430.36369651       1.58206781e-15    -1.588126809327e-03     1.943940782463e-03     3.530883062653e-03
        431.60393771       4.05231404e-15    -1.578360584204e-03     1.942618327922e-03     3.532741240711e-03
        432.84417891       9.43689571e-16    -1.562631656109e-03     1.941326946334e-03     3.534942465459e-03
        434.08442011       1.15185639e-15    -1.541283032183e-03     1.940070510153e-03     3.537466687260e-03
        435.32466131       1.41553436e-15    -1.514753269229e-03     1.938841568143e-03     3.540266615401e-03
        436.56490251       8.32667268e-16    -1.483488386647e-03     1.937688441296e-03     3.543303174515e-03
        437.80514371       2.52575738e-15    -1.448136602854e-03     1.936676663775e-03     3.546541561568e-03
        439.04538492      -1.76247905e-15    -1.409467743962e-03     1.935844506039e-03     3.549924935246e-03
        440.28562612      -2.49800181e-15    -1.368123242316e-03     1.935198039409e-03     3.553398463023e-03
        441.52586732       2.23432384e-15    -1.324703526530e-03     1.934735447929e-03     3.556924821589e-03
        442.76610852      -9.29811783e-16    -1.279943284203e-03     1.934450155544e-03     3.560464228270e-03
        444.00634972       1.27675648e-15    -1.234603865742e-03     1.934334164329e-03     3.563952704641e-03
        445.24659092      -4.16333634e-16    -1.189420746286e-03     1.934380333618e-03     3.567299545973e-03
        446.48683212      -8.60422844e-16    -1.145115225148e-03     1.934605611419e-03     3.570433967177e-03
        447.72707332       6.38378239e-16    -1.102280689695e-03     1.935022756862e-03     3.573339023189e-03
        448.96731452       1.94289029e-16    -1.061467441273e-03     1.935614448790e-03     3.576023731860e-03
        450.20755572       1.55431223e-15    -1.023276150767e-03     1.936381434263e-03     3.578465044984e-03
        451.44779692      -1.17961196e-15    -9.882227365918e-04     1.937321925591e-03     3.580579093345e-03
        452.68803812       3.10862447e-15    -9.566699885912e-04     1.938409544688e-03     3.582341188360e-03
        453.92827932      -2.08166817e-16    -9.290691953900e-04     1.939589562565e-03     3.583767349624e-03
        455.16852052      -7.49400542e-16    -9.058767434333e-04     1.940813891731e-03     3.584870479056e-03
        456.40876172       8.60422844e-16    -8.874240844134e-04     1.942044752385e-03     3.585618509474e-03
        457.64900292       2.16493490e-15    -8.738730336395e-04     1.943264453744e-03     3.585993667299e-03
        458.88924412       1.63757896e-15    -8.652213611429e-04     1.944466746295e-03     3.585994767223e-03
        460.12948532       1.31838984e-15    -8.613964285944e-04     1.945631873530e-03     3.585618276541e-03
        461.36972652      -3.02535774e-15    -8.624312374699e-04     1.946732364233e-03     3.584879000676e-03
        462.60996772       2.72004641e-15    -8.684179002882e-04     1.947747131097e-03     3.583806699071e-03
        463.85020892       1.30451205e-15    -8.793280508637e-04     1.948668486243e-03     3.582403437405e-03
        465.09045012      -1.66533454e-16    -8.949852574167e-04     1.949455771210e-03     3.580671308847e-03
        466.33069132       5.82867088e-16    -9.152015092107e-04     1.950095538257e-03     3.578633946755e-03
        467.57093252       8.60422844e-16    -9.397003123048e-04     1.950598172457e-03     3.576351378759e-03
        468.81117372       1.42941214e-15    -9.681576143441e-04     1.950984381400e-03     3.573861210041e-03
        470.05141492      -7.77156117e-16    -1.000209176649e-03     1.951266971266e-03     3.571163342766e-03
        471.29165612      -3.60822483e-16    -1.035384102749e-03     1.951437509685e-03     3.568271381094e-03
        472.53189732       0.00000000e+00    -1.073104911481e-03     1.951491633952e-03     3.565226263480e-03
        473.77213852       2.77555756e-15    -1.112836890035e-03     1.951471911096e-03     3.562072620662e-03
        475.01237972      -4.44089210e-16    -1.154063829769e-03     1.951419743262e-03     3.558861908700e-03
        476.25262093       2.73392420e-15    -1.196184292998e-03     1.951323281854e-03     3.555641694628e-03
        477.49286213       1.70696790e-15    -1.238582862159e-03     1.951157435093e-03     3.552456731931e-03
        478.73310333       1.27675648e-15    -1.280665658246e-03     1.950929649002e-03     3.549364080942e-03
        479.97334453       1.47104551e-15    -1.321837329273e-03     1.950660976152e-03     3.546399080760e-03
        481.21358573       2.10942375e-15    -1.361488629420e-03     1.950367243495e-03     3.543580423930e-03
        482.45382693       2.06779038e-15    -1.398981979120e-03     1.950054436413e-03     3.540949980004e-03
        483.69406813      -4.57966998e-16    -1.433771320231e-03     1.949718833035e-03     3.538550303556e-03
        484.93430933       2.74780199e-15    -1.465357201888e-03     1.949337192398e-03     3.536427109805e-03
        486.17455053       2.42861287e-15    -1.493375398642e-03     1.948863180711e-03     3.534614888732e-03
        487.41479173       1.69309011e-15    -1.517266891817e-03     1.948291003823e-03     3.533125990707e-03
        488.65503293       1.85962357e-15    -1.536595622728e-03     1.947631573597e-03     3.531968852809e-03
        489.89527413       4.17721413e-15    -1.551072192989e-03     1.946915358821e-03     3.531146738427e-03
        491.13551533       1.15185639e-15    -1.560525060829e-03     1.946148165591e-03     3.530631549755e-03
        492.37575653      -3.60822483e-16    -1.564758625698e-03     1.945303917130e-03     3.530417007749e-03
        493.61599773       1.48492330e-15    -1.563661868031e-03     1.944347126040e-03     3.530562516582e-03
        494.85623893       1.26287869e-15    -1.557227833018e-03     1.943281238067e-03     3.531110765283e-03
        496.09648013       2.91433544e-16    -1.545498886337e-03     1.942138507061e-03     3.532039033116e-03
        497.33672133       3.13638004e-15    -1.528552117489e-03     1.940976256133e-03     3.533296751229e-03
        498.57696253       3.88578059e-15    -1.506570920114e-03     1.939839637632e-03     3.534852210476e-03
        499.81720373       1.97064587e-15    -1.479853035773e-03     1.938735945010e-03     3.536686688404e-03
        501.05744493       7.77156117e-16    -1.448757231358e-03     1.937662157357e-03     3.538804126972e-03
        502.29768613       1.12410081e-15    -1.413689410888e-03     1.936643786617e-03     3.541201748856e-03
        503.53792733      -6.93889390e-17    -1.375115747654e-03     1.935700977544e-03     3.543821190456e-03
        504.77816853       1.45716772e-15    -1.333579942507e-03     1.934845825608e-03     3.546598723718e-03
        506.01840973       3.24740235e-15    -1.289709482823e-03     1.934120711676e-03     3.549513417454e-03
        507.25865093       2.52575738e-15    -1.244189532258e-03     1.933557916508e-03     3.552550139296e-03
        508.49889213      -8.32667268e-17    -1.197685773683e-03     1.933135696050e-03     3.555662302159e-03
        509.73913333       6.66133815e-16    -1.150919348987e-03     1.932823866216e-03     3.558795096300e-03
        510.97937453       2.88657986e-15    -1.104701788058e-03     1.932657223651e-03     3.561921989057e-03
        512.21961573       3.69149156e-15    -1.059746705601e-03     1.932681048078e-03     3.565007921018e-03
        513.45985693       1.55431223e-15    -1.016799271046e-03     1.932920416837e-03     3.567972307821e-03
        514.70009814       1.29063427e-15    -9.766114715788e-04     1.933370069337e-03     3.570771674446e-03
        515.94033934       1.05471187e-15    -9.398685186848e-04     1.934015348019e-03     3.573392246063e-03
        517.18058054       1.11022302e-15    -9.071848923812e-04     1.934851788087e-03     3.575747606745e-03
        518.42082174       1.20736754e-15    -8.790888883761e-04     1.935867582805e-03     3.577760369919e-03
        519.66106294       1.77635684e-15    -8.561694653442e-04     1.937040272455e-03     3.579449125689e-03
        520.90130414       9.02056208e-16    -8.388270613793e-04     1.938335812283e-03     3.580817258920e-03
        522.14154534       1.06858966e-15    -8.272632326349e-04     1.939735896018e-03     3.581835240073e-03
        523.38178654       1.23512311e-15    -8.216649854709e-04     1.941252147188e-03     3.582503896482e-03
        524.62202774      -2.52575738e-15    -8.222102490056e-04     1.942898277633e-03     3.582808981767e-03
        525.86226894      -1.27675648e-15    -8.289213572934e-04     1.944665528335e-03     3.582721251927e-03
        527.10251014      -1.49880108e-15    -8.416580546275e-04     1.946523242931e-03     3.582254920905e-03
        528.34275134       1.77635684e-15    -8.601404848085e-04     1.948412256073e-03     3.581451564407e-03
        529.58299254       8.60422844e-16    -8.840223176922e-04     1.950272928259e-03     3.580322790476e-03
        530.82323374      -2.22044605e-15    -9.129768599037e-04     1.952068163730e-03     3.578873538207e-03
        532.06347494       6.93889390e-16    -9.465410621519e-04     1.953764035544e-03     3.577125425552e-03
        533.30371614       1.24900090e-15    -9.841507422701e-04     1.955356339059e-03     3.575081919573e-03
        534.54395734      -6.66133815e-16    -1.025251122795e-03     1.956828551252e-03     3.572757013881e-03
        535.78419854      -1.38777878e-17    -1.069154818580e-03     1.958102559154e-03     3.570201433481e-03
        537.02443974       1.24900090e-15    -1.115037530901e-03     1.959124563746e-03     3.567463055682e-03
        538.26468094       4.85722573e-16    -1.162159064591e-03     1.959918342268e-03     3.564588099808e-03
        539.50492214       7.07767178e-16    -1.209805080364e-03     1.960498178932e-03     3.561663381867e-03
        540.74516334       1.22124533e-15    -1.257173072641e-03     1.960851007819e-03     3.558770513565e-03
        541.98540454      -1.38777878e-15    -1.303451245412e-03     1.960971129157e-03     3.555938701360e-03
        543.22564574       3.21964677e-15    -1.347990692613e-03     1.960846681669e-03     3.553171860615e-03
        544.46588694       2.12330153e-15    -1.390035949374e-03     1.960438951675e-03     3.550503349664e-03
        545.70612814      -3.05311332e-16    -1.429018488123e-03     1.959753612212e-03     3.547984912790e-03
        546.94636934       4.57966998e-16    -1.464329230789e-03     1.958817268789e-03     3.545660224805e-03
        548.18661054      -1.62370117e-15    -1.495490764562e-03     1.957661952371e-03     3.543561378615e-03
        549.42685174       1.29063427e-15    -1.521951043010e-03     1.956297229170e-03     3.541719456083e-03
        550.66709294       1.60982339e-15    -1.543179920207e-03     1.954789177977e-03     3.540160247411e-03
        551.90733414       4.71844785e-16    -1.559130930813e-03     1.953113748704e-03     3.538914978260e-03
        553.14757535       1.27675648e-15    -1.569646103527e-03     1.951299785174e-03     3.537978034107e-03
        554.38781655       1.80411242e-15    -1.574531233518e-03     1.949364378726e-03     3.537322702493e-03
        555.62805775      -3.05311332e-16    -1.573840420038e-03     1.947345629318e-03     3.536954370850e-03
        556.86829895       2.02615702e-15    -1.567751356667e-03     1.945289520537e-03     3.536880891759e-03
        558.10854015      -1.94289029e-16    -1.556361686604e-03     1.943220627656e-03     3.537116272403e-03
        559.34878135       1.37390099e-15    -1.539996483377e-03     1.941160503995e-03     3.537643100472e-03
        560.58902255      -4.71844785e-16    -1.519057877617e-03     1.939138251954e-03     3.538414942326e-03
        561.82926375      -2.08166817e-16    -1.493921719925e-03     1.937189037961e-03     3.539370958420e-03
        563.06950495       2.37310172e-15    -1.465082619609e-03     1.935339157876e-03     3.540480884885e-03
        564.30974615       3.46944695e-16    -1.433151749990e-03     1.933615717509e-03     3.541770648443e-03
        565.54998735       1.42941214e-15    -1.398624344289e-03     1.932024071793e-03     3.543261176251e-03
        566.79022855       3.23352456e-15    -1.362128681712e-03     1.930595902405e-03     3.544909725318e-03
        568.03046975       3.35842465e-15    -1.324123979775e-03     1.929360639303e-03     3.546678640880e-03
        569.27071095      -7.35522754e-16    -1.285285762136e-03     1.928365301799e-03     3.548556506264e-03
        570.51095215       2.24820162e-15    -1.246280497754e-03     1.927615973933e-03     3.550496659936e-03
        571.75119335      -7.21644966e-16    -1.207634923797e-03     1.927083296805e-03     3.552438117832e-03
        572.99143455       7.07767178e-16    -1.169909058348e-03     1.926768678560e-03     3.554357755976e-03
        574.23167575       2.22044605e-15    -1.133544008581e-03     1.926716965206e-03     3.556275730946e-03
        575.47191695      -1.74860126e-15    -1.098930817578e-03     1.926953241767e-03     3.558194047573e-03
        576.71215815       1.49880108e-15    -1.066490091895e-03     1.927474884106e-03     3.560101544526e-03
        577.95239935       5.55111512e-17    -1.036532346284e-03     1.928259799447e-03     3.561975905399e-03
        579.19264055       2.49800181e-16    -1.009356104321e-03     1.929280032042e-03     3.563780104674e-03
        580.43288175       3.28903571e-15    -9.853019000197e-04     1.930518879187e-03     3.565467748795e-03
        581.67312295      -2.91433544e-16    -9.645038887278e-04     1.931985506411e-03     3.567028807879e-03
        582.91336415       3.88578059e-16    -9.469550231009e-04     1.933671704489e-03     3.568473652772e-03
        584.15360535       1.42941214e-15    -9.327585484007e-04     1.935545364879e-03     3.569773001628e-03
        585.39384655       2.22044605e-16    -9.219766981610e-04     1.937578657810e-03     3.570899487840e-03
        586.63408775       1.60982339e-15    -9.146120591184e-04     1.939740067705e-03     3.571862139599e-03
        587.87432895       2.77555756e-16    -9.107481496136e-04     1.941972666598e-03     3.572647647499e-03
        589.11457015       1.55431223e-15    -9.104042067496e-04     1.944227468847e-03     3.573231413719e-03
        590.35481136       2.12330153e-15    -9.134461249403e-04     1.946477021674e-03     3.573585002550e-03
        591.59505256       9.99200722e-16    -9.197631535640e-04     1.948707448912e-03     3.573685229369e-03
        592.83529376       2.74780199e-15    -9.292537652970e-04     1.950867858879e-03     3.573525490774e-03
        594.07553496       4.99600361e-16    -9.417992635972e-04     1.952910426244e-03     3.573145700900e-03
        595.31577616      -5.27355937e-16    -9.572351492189e-04     1.954815684011e-03     3.572570530730e-03
        596.55601736      -7.63278329e-16    -9.754486081821e-04     1.956571767797e-03     3.571807133837e-03
        597.79625856       1.55431223e-15    -9.963333028349e-04     1.958114518872e-03     3.570883934880e-03
        599.03649976       1.13797860e-15    -1.019744986519e-03     1.959398358816e-03     3.569807285586e-03
        600.27674096      -5.41233725e-16    -1.045445906493e-03     1.960450415053e-03     3.568576147445e-03
        601.51698216       9.99200722e-16    -1.073122435164e-03     1.961286046849e-03     3.567202878784e-03
        602.75722336       1.11022302e-16    -1.102482110328e-03     1.961889250620e-03     3.565705557362e-03
        603.99746456       1.24900090e-16    -1.133278941624e-03     1.962255026094e-03     3.564119418644e-03
        605.23770576      -8.32667268e-17    -1.165279053981e-03     1.962365593068e-03     3.562489434737e-03
        606.47794696       1.38777878e-16    -1.198105839443e-03     1.962182899950e-03     3.560840077248e-03
        607.71818816      -1.05471187e-15    -1.231278846680e-03     1.961710096165e-03     3.559178981417e-03
        608.95842936      -2.77555756e-16    -1.264351303886e-03     1.960967527712e-03     3.557530468574e-03
        610.19867056       6.66133815e-16    -1.296905401836e-03     1.959946034138e-03     3.555918063263e-03
        611.43891176       6.10622664e-16    -1.328569179143e-03     1.958634221925e-03     3.554335485577e-03
        612.67915296       2.16493490e-15    -1.358796691032e-03     1.957129373363e-03     3.552782285340e-03
        613.91939416      -1.02695630e-15    -1.387135990715e-03     1.955405882289e-03     3.551303900518e-03
        615.15963536       1.27675648e-15    -1.413154066801e-03     1.953476594950e-03     3.549910815552e-03
        616.39987656       3.99680289e-15    -1.436354324108e-03     1.951371601569e-03     3.548588137408e-03
        617.64011776       2.66453526e-15    -1.456346765190e-03     1.949175430189e-03     3.547350746111e-03
        618.88035896       2.62290190e-15    -1.472841886526e-03     1.946907719163e-03     3.546225153744e-03
        620.12060016       1.65145675e-15    -1.485549605499e-03     1.944594014873e-03     3.545212495720e-03
        621.36084136       1.94289029e-16    -1.494102385187e-03     1.942277105726e-03     3.544357042125e-03
        622.60108256       2.47024623e-15    -1.498348715435e-03     1.939977408929e-03     3.543731102660e-03
        623.84132376       1.59594560e-15    -1.498156293186e-03     1.937763115683e-03     3.543340182273e-03
        625.08156496      -4.30211422e-16    -1.493457199532e-03     1.935694215618e-03     3.543166465719e-03
        626.32180616       2.17881269e-15    -1.484253874739e-03     1.933803987009e-03     3.543208851515e-03
        627.56204736       2.47024623e-15    -1.470698549673e-03     1.932102682577e-03     3.543446214587e-03
        628.80228857      -1.11022302e-15    -1.453021053381e-03     1.930603148083e-03     3.543871873789e-03
        630.04252977      -2.63677968e-15    -1.431425266298e-03     1.929319418259e-03     3.544499155480e-03
        631.28277097       3.56659147e-15    -1.406207729350e-03     1.928283499248e-03     3.545319217861e-03
        632.52301217       5.55111512e-16    -1.377824661308e-03     1.927507986893e-03     3.546311441040e-03
        633.76325337       1.94289029e-16    -1.346747688705e-03     1.926969246593e-03     3.547466450948e-03
        635.00349457       1.66533454e-16    -1.313478418434e-03     1.926686618683e-03     3.548762785923e-03
        636.24373577       2.77555756e-17    -1.278572781393e-03     1.926706632678e-03     3.550175885112e-03
        637.48397697       1.06858966e-15    -1.242629601486e-03     1.927025928858e-03     3.551708937552e-03
        638.72421817       1.11022302e-15    -1.206282427230e-03     1.927623578749e-03     3.553356234125e-03
        639.96445937       1.05471187e-15    -1.170253304072e-03     1.928470066957e-03     3.555063782446e-03
        641.20470057      -2.77555756e-16    -1.135021036985e-03     1.929553110267e-03     3.556780200252e-03
        642.44494177       4.85722573e-16    -1.101056074538e-03     1.930876560230e-03     3.558490873714e-03
        643.68518297       1.22124533e-15    -1.068948239857e-03     1.932462607988e-03     3.560163496363e-03
        644.92542417       3.46944695e-15    -1.039231207070e-03     1.934279011151e-03     3.561748742396e-03
        646.16566537       2.05391260e-15    -1.012359727540e-03     1.936287163246e-03     3.563229603585e-03
        647.40590657       1.74860126e-15    -9.887652834921e-04     1.938426318532e-03     3.564611875632e-03
        648.64614777       3.46944695e-16    -9.688496824070e-04     1.940625573428e-03     3.565871997232e-03
        649.88638897      -2.05391260e-15    -9.528273897899e-04     1.942875397416e-03     3.566986811466e-03
        651.12663017       1.65145675e-15    -9.409012442942e-04     1.945147818983e-03     3.567955725365e-03
        652.36687137       1.60982339e-15    -9.331979742697e-04     1.947398499590e-03     3.568768118819e-03
        653.60711257       2.45636844e-15    -9.298217052760e-04     1.949576957896e-03     3.569411714048e-03
        654.84735377       3.67761377e-15    -9.308086908177e-04     1.951643636200e-03     3.569883782390e-03
        656.08759497       4.30211422e-16    -9.360867236001e-04     1.953555121518e-03     3.570179519977e-03
        657.32783617       1.98452366e-15    -9.455322886938e-04     1.955276641430e-03     3.570292849358e-03
        658.56807737       2.01227923e-15    -9.589729043999e-04     1.956790696760e-03     3.570222543487e-03
        659.80831857       2.77555756e-15    -9.761989769621e-04     1.958085944227e-03     3.569979493626e-03
        661.04855977       1.97064587e-15    -9.969804660033e-04     1.959156214511e-03     3.569585111279e-03
        662.28880097       4.02455846e-16    -1.020987925015e-03     1.959989363923e-03     3.569055850324e-03
        663.52904217       1.05471187e-15    -1.047844623963e-03     1.960545090235e-03     3.568385638813e-03
        664.76928337       2.13717932e-15    -1.077211050069e-03     1.960812272674e-03     3.567562067095e-03
        666.00952457       1.47104551e-15    -1.108653080110e-03     1.960825216992e-03     3.566587239751e-03
        667.24976578       1.41553436e-15    -1.141660533331e-03     1.960605674272e-03     3.565486670865e-03
        668.49000698       6.38378239e-16    -1.175757397887e-03     1.960160683050e-03     3.564289954911e-03
        669.73024818       6.93889390e-16    -1.210486420010e-03     1.959502207657e-03     3.563003443930e-03
        670.97048938      -1.38777878e-16    -1.245384233827e-03     1.958645625103e-03     3.561621422575e-03
        672.21073058       1.47104551e-15    -1.280022712046e-03     1.957608235392e-03     3.560152383225e-03
        673.45097178       3.16413562e-15    -1.313961953296e-03     1.956355512585e-03     3.558624382379e-03
        674.69121298       2.22044605e-15    -1.346530790349e-03     1.954926795029e-03     3.557047880179e-03
        675.93145418      -2.77555756e-17    -1.377165291296e-03     1.953324883798e-03     3.555445131132e-03
        677.17169538       1.77635684e-15    -1.405402159539e-03     1.951632038631e-03     3.553841988575e-03
        678.41193658       2.17881269e-15    -1.430734435524e-03     1.949893401883e-03     3.552284872190e-03
        679.65217778       3.10862447e-15    -1.452672173480e-03     1.948088526405e-03     3.550821410268e-03
        680.89241898      -1.19348975e-15    -1.470854211779e-03     1.946219094821e-03     3.549476308923e-03
        682.13266018       4.71844785e-16    -1.484983787209e-03     1.944338328199e-03     3.548275096420e-03
        683.37290138      -4.16333634e-16    -1.494770461871e-03     1.942474098024e-03     3.547221163210e-03
        684.61314258      -1.23512311e-15    -1.500004145356e-03     1.940617447817e-03     3.546290784401e-03
        685.85338378      -2.55351296e-15    -1.500571546654e-03     1.938790679450e-03     3.545469341693e-03
        687.09362498      -1.06858966e-15    -1.496415875512e-03     1.937041474410e-03     3.544774936208e-03
        688.33386618       1.08246745e-15    -1.487604182417e-03     1.935375190521e-03     3.544233737022e-03
        689.57410738       1.22124533e-15    -1.474191292810e-03     1.933791285281e-03     3.543874506405e-03
        690.81434858       5.96744876e-16    -1.456345149249e-03     1.932310907909e-03     3.543738434438e-03
        692.05458978       1.38777878e-15    -1.434425751232e-03     1.930967528128e-03     3.543842484135e-03
        693.29483098       5.41233725e-16    -1.408840332221e-03     1.929791357679e-03     3.544141169967e-03
        694.53507218      -3.05311332e-16    -1.380022603871e-03     1.928797947793e-03     3.544557633901e-03
        695.77531338       3.88578059e-15    -1.348494543680e-03     1.927995947860e-03     3.545086367033e-03
        697.01555458       9.43689571e-16    -1.314801173161e-03     1.927408604820e-03     3.545768715062e-03
        698.25579578       1.70696790e-15    -1.279482485107e-03     1.927057662206e-03     3.546591581432e-03
        699.49603698       3.05311332e-16    -1.243138977315e-03     1.926953362614e-03     3.547525233888e-03
        700.73627818       1.72084569e-15    -1.206332747045e-03     1.927125994837e-03     3.548611738123e-03
        701.97651938       2.94209102e-15    -1.169744448838e-03     1.927591873239e-03     3.549853123605e-03
        703.21676058       3.58046925e-15    -1.133980797481e-03     1.928342646365e-03     3.551182832042e-03
        704.45700178       2.35922393e-15    -1.099667357238e-03     1.929358406559e-03     3.552557566658e-03
        705.69724299      -8.60422844e-16    -1.067352411438e-03     1.930698905583e-03     3.553967099788e-03
        706.93748419       2.66453526e-15    -1.037464132047e-03     1.932301413168e-03     3.555416094979e-03
        708.17772539       1.48492330e-15    -1.010407307646e-03     1.934108504123e-03     3.556923992970e-03
        709.41796659       1.19348975e-15    -9.865805040921e-04     1.936085146960e-03     3.558496848314e-03
        710.65820779       7.49400542e-16    -9.662008871700e-04     1.938251004862e-03     3.560080620928e-03
        711.89844899       4.60742555e-15    -9.494461792645e-04     1.940565805297e-03     3.561648891513e-03
        713.13869019       2.51187959e-15    -9.364551585000e-04     1.942963787447e-03     3.563208311491e-03
        714.37893139       3.74700271e-15    -9.273893963786e-04     1.945379845657e-03     3.564698743325e-03
        715.61917259       2.52575738e-15    -9.223382585359e-04     1.947770199241e-03     3.566046953802e-03
        716.85941379      -4.16333634e-16    -9.212677303392e-04     1.950110610871e-03     3.567270283968e-03
        718.09965499       1.58206781e-15    -9.240860269304e-04     1.952367191812e-03     3.568399275517e-03
        719.33989619      -1.41553436e-15    -9.306575383912e-04     1.954476882736e-03     3.569406760124e-03
        720.58013739       2.58126853e-15    -9.407754141586e-04     1.956396416091e-03     3.570246084292e-03
        721.82037859       3.19189120e-16    -9.542362648318e-04     1.958140382138e-03     3.570912688537e-03
        723.06061979       1.30451205e-15    -9.708433933420e-04     1.959726284385e-03     3.571417098770e-03
        724.30086099       1.56819002e-15    -9.903689918014e-04     1.961128739795e-03     3.571757827935e-03
        725.54110219       2.77555756e-16    -1.012546711380e-03     1.962290957807e-03     3.571926426725e-03
        726.78134339       2.78943535e-15    -1.037089650560e-03     1.963166685429e-03     3.571927131322e-03
        728.02158459       1.15185639e-15    -1.063684722597e-03     1.963766675680e-03     3.571767183541e-03
        729.26182579       5.13478149e-16    -1.091968237432e-03     1.964146448644e-03     3.571442049347e-03
        730.50206699       4.16333634e-17    -1.121591040026e-03     1.964301088937e-03     3.570932077337e-03
        731.74230819       1.72084569e-15    -1.152252086525e-03     1.964176061223e-03     3.570218602204e-03
        732.98254939       3.05311332e-16    -1.183661679847e-03     1.963771618629e-03     3.569327718457e-03
        734.22279059      -9.99200722e-16    -1.215425325541e-03     1.963131780065e-03     3.568294881173e-03
        735.46303179       1.22124533e-15    -1.247099890572e-03     1.962273007956e-03     3.567131416550e-03
        736.70327299       1.94289029e-16    -1.278166083558e-03     1.961236502091e-03     3.565856064375e-03
        737.94351419       1.69309011e-15    -1.308369318151e-03     1.960000907091e-03     3.564521311497e-03
        739.18375539       1.11022302e-16    -1.337326999428e-03     1.958542607823e-03     3.563140120478e-03
        740.42399659       1.29063427e-15    -1.364582520253e-03     1.956865973357e-03     3.561701117068e-03
        741.66423779       1.99840144e-15    -1.389777181592e-03     1.954994684198e-03     3.560230374520e-03
        742.90447900       8.88178420e-16    -1.412585574348e-03     1.952957418707e-03     3.558746244301e-03
        744.14472020       8.32667268e-16    -1.432570112856e-03     1.950786507099e-03     3.557237862460e-03
        745.38496140      -2.76167977e-15    -1.449352640589e-03     1.948507449065e-03     3.555732534292e-03
        746.62520260       2.34534614e-15    -1.462661489160e-03     1.946137529868e-03     3.554280978369e-03
        747.86544380      -5.55111512e-17    -1.472275960493e-03     1.943732071046e-03     3.552885964212e-03
        749.10568500       4.44089210e-16    -1.477969010342e-03     1.941360709255e-03     3.551529695178e-03
        750.34592620       1.74860126e-15    -1.479707374651e-03     1.939011887977e-03     3.550237720511e-03
        751.58616740       4.57966998e-15    -1.477508385419e-03     1.936674157572e-03     3.549045592443e-03
        752.82640860      -6.93889390e-16    -1.471416356947e-03     1.934358114488e-03     3.547953059798e-03
        754.06664980       1.72084569e-15    -1.461445437983e-03     1.932079344788e-03     3.546955254355e-03
        755.30689100       3.30291350e-15    -1.447777792260e-03     1.929901802584e-03     3.546054841127e-03
        756.54713220      -2.38697950e-15    -1.430675102348e-03     1.927898317302e-03     3.545214166564e-03
        757.78737340       1.81799020e-15    -1.410344996183e-03     1.926096322203e-03     3.544414963170e-03
        759.02761460      -1.33226763e-15    -1.387162484999e-03     1.924465521749e-03     3.543725276023e-03
        760.26785580      -8.18789481e-16    -1.361641316113e-03     1.923005814190e-03     3.543201396161e-03
        761.50809700       1.30451205e-15    -1.334190720582e-03     1.921794562174e-03     3.542846712441e-03
        762.74833820      -8.18789481e-16    -1.305182936800e-03     1.920918920161e-03     3.542654581363e-03
        763.98857940      -2.10942375e-15    -1.275019811108e-03     1.920413419366e-03     3.542602525099e-03
        765.22882060       3.05311332e-15    -1.244289813614e-03     1.920239006478e-03     3.542652586931e-03
        766.46906180       1.24900090e-15    -1.213466059785e-03     1.920411445092e-03     3.542831464174e-03
        767.70930300       2.67841305e-15    -1.183001985070e-03     1.920954680723e-03     3.543165208678e-03
        768.94954420      -8.04911693e-16    -1.153359857682e-03     1.921837647604e-03     3.543631916995e-03
        770.18978540       2.94209102e-15    -1.125003061882e-03     1.923043064376e-03     3.544243495395e-03
        771.43002660      -3.60822483e-16    -1.098304485426e-03     1.924592038776e-03     3.545044781542e-03
        772.67026780       3.27515792e-15    -1.073596722573e-03     1.926482954486e-03     3.546028935264e-03
        773.91050900       1.67921232e-15    -1.051280772639e-03     1.928665302625e-03     3.547164077305e-03
        775.15075020       1.11022302e-16    -1.031691484688e-03     1.931107527028e-03     3.548452491838e-03
        776.39099140       7.49400542e-16    -1.015114361657e-03     1.933789683578e-03     3.549884913726e-03
        777.63123260       0.00000000e+00    -1.001684018107e-03     1.936692398033e-03     3.551401434665e-03
        778.87147380       3.05311332e-16    -9.915197553805e-04     1.939761624374e-03     3.552967216711e-03
        780.11171500       2.22044605e-15    -9.846564663691e-04     1.942936372681e-03     3.554615492789e-03
        781.35195621       2.44249065e-15    -9.810447707599e-04     1.946156512392e-03     3.556380418486e-03
        782.59219741       1.87350135e-15    -9.806174590783e-04     1.949362124938e-03     3.558232613925e-03
        783.83243861       5.05151476e-15    -9.833101080652e-04     1.952517228019e-03     3.560128093691e-03
        785.07267981       5.07927034e-15    -9.890757538598e-04     1.955563754225e-03     3.562029900854e-03
        786.31292101      -1.24900090e-15    -9.978506398762e-04     1.958434075911e-03     3.563906370714e-03
        787.55316221      -1.40165657e-15    -1.009411334165e-03     1.961099881022e-03     3.565727737711e-03
        788.79340341       3.76088050e-15    -1.023422184553e-03     1.963544519577e-03     3.567468953411e-03
        790.03364461       1.69309011e-15    -1.039593933263e-03     1.965689692708e-03     3.569098484266e-03
        791.27388581      -8.32667268e-17    -1.057683828130e-03     1.967467725222e-03     3.570582252072e-03
        792.51412701       2.63677968e-15    -1.077371926229e-03     1.968895088329e-03     3.571919544020e-03
        793.75436821       7.49400542e-16    -1.098295034728e-03     1.969973623403e-03     3.573130912268e-03
        794.99460941       3.02535774e-15    -1.120132607822e-03     1.970657843565e-03     3.574191277657e-03
        796.23485061      -3.80251386e-15    -1.142521071551e-03     1.970919110521e-03     3.575012117611e-03
        797.47509181       3.41393580e-15    -1.165115472694e-03     1.970736877434e-03     3.575560141762e-03
        798.71533301       4.71844785e-16    -1.187434944180e-03     1.970183919882e-03     3.575870456185e-03
        799.95557421       3.94129174e-15    -1.209249956249e-03     1.969237336283e-03     3.575960802463e-03
        801.19581541       6.10622664e-16    -1.230263338985e-03     1.967901660281e-03     3.575806758545e-03
        802.43605661       1.52655666e-15    -1.250212034190e-03     1.966185010027e-03     3.575413908398e-03
        803.67629781      -1.22124533e-15    -1.268943152729e-03     1.964090434126e-03     3.574814862345e-03
        804.91653901       1.36002321e-15    -1.286318487619e-03     1.961639640067e-03     3.574032533862e-03
        806.15678021       3.81639165e-15    -1.302166341342e-03     1.958892798541e-03     3.573087696045e-03
        807.39702141       9.85322934e-16    -1.316398944669e-03     1.955914273348e-03     3.571980556010e-03
        808.63726261       2.05391260e-15    -1.328979813303e-03     1.952754263921e-03     3.570691091395e-03
        809.87750381      -5.27355937e-16    -1.339894001581e-03     1.949466853379e-03     3.569233470264e-03
        811.11774501      -4.02455846e-16    -1.349129046370e-03     1.946098758832e-03     3.567635538707e-03
        812.35798621      -6.10622664e-16    -1.356596075210e-03     1.942691907938e-03     3.565932566117e-03
        813.59822741      -6.80011603e-16    -1.362221311924e-03     1.939305222776e-03     3.564157634920e-03
        814.83846861       4.57966998e-16    -1.366084381983e-03     1.936015425335e-03     3.562330133885e-03
        816.07870981       3.73312492e-15    -1.368299497047e-03     1.932893177025e-03     3.560459273923e-03
        817.31895101       2.35922393e-16    -1.368850675661e-03     1.929982093979e-03     3.558572027199e-03
        818.55919221       3.27515792e-15    -1.367711271784e-03     1.927364239887e-03     3.556691874298e-03
        819.79943342      -2.77555756e-16    -1.364956580957e-03     1.925106868565e-03     3.554818652587e-03
        821.03967462      -2.01227923e-15    -1.360670383360e-03     1.923208503974e-03     3.552964529576e-03
        822.27991582       5.27355937e-16    -1.354845087938e-03     1.921685845931e-03     3.551127383733e-03
        823.52015702       9.85322934e-16    -1.347422699145e-03     1.920558730612e-03     3.549285274868e-03
        824.76039822      -2.27595720e-15    -1.338462680743e-03     1.919819210251e-03     3.547458395426e-03
        826.00063942       1.55431223e-15    -1.328150920321e-03     1.919460820273e-03     3.545693874348e-03
        827.24088062       2.02615702e-15    -1.316595946782e-03     1.919516169586e-03     3.544009986199e-03
        828.48112182      -9.57567359e-16    -1.303802413512e-03     1.920007029629e-03     3.542416877858e-03
        829.72136302       2.49800181e-15    -1.289854908322e-03     1.920905433054e-03     3.540932131460e-03
        830.96160422      -2.35922393e-16    -1.274898355023e-03     1.922161742699e-03     3.539563533098e-03
        832.20184542       1.02695630e-15    -1.259088895051e-03     1.923749343582e-03     3.538350488686e-03
        833.44208662      -7.35522754e-16    -1.242623052338e-03     1.925642742470e-03     3.537362224981e-03
        834.68232782       1.47104551e-15    -1.225675447096e-03     1.927807517991e-03     3.536617790269e-03
        835.92256902      -2.22044605e-16    -1.208408257114e-03     1.930200319562e-03     3.536093725628e-03
        837.16281022       2.60902411e-15    -1.191138436036e-03     1.932761938667e-03     3.535793925700e-03
        838.40305142       1.41553436e-15    -1.174114182235e-03     1.935469487274e-03     3.535729588266e-03
        839.64329262       1.69309011e-15    -1.157499317694e-03     1.938269683463e-03     3.535898367873e-03
        840.88353382       6.66133815e-16    -1.141467850669e-03     1.941093702871e-03     3.536306537453e-03
        842.12377502       2.83106871e-15    -1.126249795062e-03     1.943888392832e-03     3.537008035436e-03
        843.36401622       2.01227923e-15    -1.112033536791e-03     1.946624048443e-03     3.538045759396e-03
        844.60425742       9.43689571e-16    -1.098984626204e-03     1.949286931643e-03     3.539397487896e-03
        845.84449862       3.56659147e-15    -1.087292287119e-03     1.951857055409e-03     3.541014343004e-03
        847.08473982       6.10622664e-16    -1.077068614498e-03     1.954285159720e-03     3.542874252178e-03
        848.32498102       1.19348975e-15    -1.068392872086e-03     1.956527819011e-03     3.544961326398e-03
        849.56522222       1.22124533e-15    -1.061382095757e-03     1.958566429189e-03     3.547226612469e-03
        850.80546342      -1.11022302e-15    -1.056160644138e-03     1.960364301726e-03     3.549626764943e-03
        852.04570462       2.35922393e-15    -1.052782507639e-03     1.961878996486e-03     3.552163297250e-03
        853.28594582      -8.60422844e-16    -1.051214507222e-03     1.963128544775e-03     3.554830694525e-03
        854.52618702      -4.85722573e-16    -1.051474070880e-03     1.964150590904e-03     3.557574083358e-03
        855.76642822       2.22044605e-15    -1.053682515697e-03     1.964928342534e-03     3.560332794825e-03
        857.00666943       6.03683770e-15    -1.057886266533e-03     1.965413754872e-03     3.563040827566e-03
        858.24691063       3.35842465e-15    -1.064015277667e-03     1.965606105577e-03     3.565676355158e-03
        859.48715183       1.98452366e-15    -1.071975312628e-03     1.965522180028e-03     3.568229542089e-03
        860.72739303       6.80011603e-16    -1.081646420502e-03     1.965168288109e-03     3.570668395543e-03
        861.96763423       1.66533454e-15    -1.092976155827e-03     1.964556654192e-03     3.572957233552e-03
        863.20787543       2.77555756e-15    -1.106012987687e-03     1.963698273169e-03     3.575064797983e-03
        864.44811663       2.16493490e-15    -1.120723599334e-03     1.962598576146e-03     3.576943064100e-03
        865.68835783       1.74860126e-15    -1.136926149013e-03     1.961273209423e-03     3.578558541351e-03
        866.92859903       1.47104551e-15    -1.154432165766e-03     1.959747026676e-03     3.579909397935e-03
        868.16884023       5.82867088e-16    -1.173120565375e-03     1.958043702631e-03     3.581006729257e-03
        869.40908143      -1.66533454e-15    -1.192844908027e-03     1.956188112919e-03     3.581812183703e-03
        870.64932263       3.60822483e-16    -1.213355023969e-03     1.954203365035e-03     3.582222512573e-03
        871.88956383      -1.27675648e-15    -1.234418429040e-03     1.952105707251e-03     3.582221832468e-03
        873.12980503       3.60822483e-16    -1.255726998065e-03     1.949912559535e-03     3.581864106817e-03
        874.37004623       1.87350135e-15    -1.276996080415e-03     1.947647895153e-03     3.581200312558e-03
        875.61028743       9.99200722e-16    -1.297890058811e-03     1.945345544770e-03     3.580233886785e-03
        876.85052863      -4.99600361e-16    -1.317973299482e-03     1.943038002193e-03     3.578992244387e-03
        878.09076983       1.80411242e-15    -1.336829490210e-03     1.940757109451e-03     3.577522732766e-03
        879.33101103       2.35922393e-15    -1.354160108442e-03     1.938531409132e-03     3.575827606071e-03
        880.57125223       5.55111512e-17    -1.369591382247e-03     1.936395190942e-03     3.573883972894e-03
        881.81149343       1.63757896e-15    -1.382703738721e-03     1.934377216128e-03     3.571689671201e-03
        883.05173463       1.44328993e-15    -1.393143805288e-03     1.932492334964e-03     3.569273135061e-03
        884.29197583       2.62290190e-15    -1.400602987560e-03     1.930738279244e-03     3.566680183753e-03
        885.53221703       3.33066907e-16    -1.404808665946e-03     1.929120635441e-03     3.563964428168e-03
        886.77245823       1.70696790e-15    -1.405579301319e-03     1.927658706220e-03     3.561191884869e-03
        888.01269943       2.94209102e-15    -1.402788195308e-03     1.926376974859e-03     3.558429132356e-03
        889.25294063       3.55271368e-15    -1.396443134361e-03     1.925302934625e-03     3.555692522811e-03
        890.49318183       2.28983499e-15    -1.386666996058e-03     1.924464901965e-03     3.552980190308e-03
        891.73342303       8.32667268e-16    -1.373544994232e-03     1.923886419836e-03     3.550315797031e-03
        892.97366423      -7.63278329e-16    -1.357205814194e-03     1.923556248522e-03     3.547754434714e-03
        894.21390543      -1.55431223e-15    -1.337925425655e-03     1.923453068227e-03     3.545353225832e-03
        895.45414664       1.66533454e-16    -1.315988750453e-03     1.923593364260e-03     3.543154043289e-03
        896.69438784       2.35922393e-16    -1.291799895546e-03     1.923981078734e-03     3.541164858433e-03
        897.93462904      -6.38378239e-16    -1.265817781449e-03     1.924619123638e-03     3.539388009403e-03
        899.17487024       2.52575738e-15    -1.238545083054e-03     1.925509258738e-03     3.537861117371e-03
        900.41511144      -1.62370117e-15    -1.210448397622e-03     1.926629131625e-03     3.536609107649e-03
        901.65535264       2.49800181e-16    -1.182031331624e-03     1.928045811612e-03     3.535632137250e-03
        902.89559384       1.94289029e-16    -1.153858052824e-03     1.929718593775e-03     3.534954557410e-03
        904.13583504       9.71445147e-16    -1.126455383255e-03     1.931595314964e-03     3.534591239689e-03
        905.37607624      -2.10942375e-15    -1.100258749855e-03     1.933705671266e-03     3.534552665777e-03
        906.61631744      -6.93889390e-16    -1.075705315462e-03     1.936019321086e-03     3.534852044097e-03
        907.85655864       2.69229083e-15    -1.053121937159e-03     1.938495123742e-03     3.535458211325e-03
        909.09679984       2.99760217e-15    -1.032959580470e-03     1.941112988908e-03     3.536356062840e-03
        910.33704104      -2.08166817e-15    -1.015575965283e-03     1.943865656084e-03     3.537565897564e-03
        911.57728224       6.24500451e-16    -1.001149023910e-03     1.946726557429e-03     3.539064774540e-03
        912.81752344       4.44089210e-16    -9.898852236851e-04     1.949634036007e-03     3.540778833169e-03
        914.05776464       2.26207941e-15    -9.820531862577e-04     1.952518303331e-03     3.542666728275e-03
        915.29800584      -7.07767178e-16    -9.777759017804e-04     1.955325229685e-03     3.544722060346e-03
        916.53824704       2.56739074e-15    -9.770539713916e-04     1.958026261309e-03     3.546919503084e-03
        917.77848824       3.77475828e-15    -9.798766905713e-04     1.960596887621e-03     3.549207385282e-03
        919.01872944      -1.63757896e-15    -9.861341404194e-04     1.962974938849e-03     3.551567148247e-03
        920.25897064       9.71445147e-16    -9.956742166053e-04     1.965068406293e-03     3.554011502634e-03
        921.49921184       2.78943535e-15    -1.008467203073e-03     1.966839298539e-03     3.556521851743e-03
