# Photoabsorption spectrum from real-time propagation
# GPAW version: 20.1.0
# Total time = 44.9700 fs, Time steps = [30.0000] as
# Kick = [1e-05, 0, 0]
# Gaussian folding, Width = 0.0600 eV = 0.002205 Hartree <=> FWHM = 0.141289 eV
#    om (eV)                  S_x                  S_y                  S_z
    0.000000     0.0000000000e+00     0.0000000000e+00     0.0000000000e+00
    0.050000    -2.2801918809e-03    -0.0000000000e+00    -0.0000000000e+00
    0.100000    -4.9708904483e-03    -0.0000000000e+00    -0.0000000000e+00
    0.150000    -5.1644296974e-03    -0.0000000000e+00    -0.0000000000e+00
    0.200000    -4.7253673864e-03    -0.0000000000e+00    -0.0000000000e+00
    0.250000    -4.4865518195e-03    -0.0000000000e+00    -0.0000000000e+00
    0.300000    -4.4818783865e-03    -0.0000000000e+00    -0.0000000000e+00
    0.350000    -4.4219665083e-03    -0.0000000000e+00    -0.0000000000e+00
    0.400000    -4.4220204668e-03    -0.0000000000e+00    -0.0000000000e+00
    0.450000    -4.3239143168e-03    -0.0000000000e+00    -0.0000000000e+00
    0.500000    -4.3530049040e-03    -0.0000000000e+00    -0.0000000000e+00
    0.550000    -4.3644545199e-03    -0.0000000000e+00    -0.0000000000e+00
    0.600000    -4.4148720436e-03    -0.0000000000e+00    -0.0000000000e+00
    0.650000    -4.5404926374e-03    -0.0000000000e+00    -0.0000000000e+00
    0.700000    -4.5905162876e-03    -0.0000000000e+00    -0.0000000000e+00
    0.750000    -4.7954871614e-03    -0.0000000000e+00    -0.0000000000e+00
    0.800000    -4.7354476182e-03    -0.0000000000e+00    -0.0000000000e+00
    0.850000    -4.8852307585e-03    -0.0000000000e+00    -0.0000000000e+00
    0.900000    -4.8415870573e-03    -0.0000000000e+00    -0.0000000000e+00
    0.950000    -5.1771103694e-03    -0.0000000000e+00    -0.0000000000e+00
    1.000000    -5.2186389014e-03    -0.0000000000e+00    -0.0000000000e+00
    1.050000    -4.3536696885e-03    -0.0000000000e+00    -0.0000000000e+00
    1.100000     6.9670122283e-03    -0.0000000000e+00    -0.0000000000e+00
    1.150000     5.5512608762e-02    -0.0000000000e+00    -0.0000000000e+00
    1.200000     1.3929623056e-01    -0.0000000000e+00    -0.0000000000e+00
    1.250000     1.6552489179e-01     0.0000000000e+00    -0.0000000000e+00
    1.300000     9.5807894404e-02     0.0000000000e+00    -0.0000000000e+00
    1.350000     2.4474582467e-02     0.0000000000e+00    -0.0000000000e+00
    1.400000    -3.7222157763e-03    -0.0000000000e+00    -0.0000000000e+00
    1.450000    -8.7956848766e-03    -0.0000000000e+00    -0.0000000000e+00
    1.500000     2.5173805888e-03    -0.0000000000e+00    -0.0000000000e+00
    1.550000     5.0846023831e-02    -0.0000000000e+00    -0.0000000000e+00
    1.600000     1.3508009330e-01    -0.0000000000e+00    -0.0000000000e+00
    1.650000     3.1613411350e-01     0.0000000000e+00    -0.0000000000e+00
    1.700000     7.5927878727e-01     0.0000000000e+00     0.0000000000e+00
    1.750000     1.2177559348e+00     0.0000000000e+00     0.0000000000e+00
    1.800000     1.1275035476e+00    -0.0000000000e+00     0.0000000000e+00
    1.850000     5.9739491213e-01    -0.0000000000e+00     0.0000000000e+00
    1.900000     1.7710878948e-01    -0.0000000000e+00    -0.0000000000e+00
    1.950000     2.1413006993e-02    -0.0000000000e+00    -0.0000000000e+00
    2.000000    -7.1997778623e-03    -0.0000000000e+00    -0.0000000000e+00
    2.050000    -6.1177744612e-03    -0.0000000000e+00    -0.0000000000e+00
    2.100000    -1.7361833450e-03    -0.0000000000e+00    -0.0000000000e+00
    2.150000    -3.2395515692e-03    -0.0000000000e+00    -0.0000000000e+00
    2.200000    -4.5412877453e-03    -0.0000000000e+00    -0.0000000000e+00
    2.250000     5.1185002666e-03    -0.0000000000e+00    -0.0000000000e+00
    2.300000     8.2045896847e-02    -0.0000000000e+00    -0.0000000000e+00
    2.350000     3.8751809688e-01    -0.0000000000e+00    -0.0000000000e+00
    2.400000     8.7153871277e-01    -0.0000000000e+00    -0.0000000000e+00
    2.450000     1.0162860522e+00    -0.0000000000e+00    -0.0000000000e+00
    2.500000     1.1012154347e+00    -0.0000000000e+00    -0.0000000000e+00
    2.550000     3.9803391060e+00     0.0000000000e+00    -0.0000000000e+00
    2.600000     1.3456185727e+01     0.0000000000e+00    -0.0000000000e+00
    2.650000     2.4707737290e+01     0.0000000000e+00     0.0000000000e+00
    2.700000     2.6291277311e+01    -0.0000000000e+00     0.0000000000e+00
    2.750000     1.9643593539e+01    -0.0000000000e+00     0.0000000000e+00
    2.800000     1.1500165062e+01    -0.0000000000e+00     0.0000000000e+00
    2.850000     4.7721648183e+00     0.0000000000e+00     0.0000000000e+00
    2.900000     1.8336933117e+00     0.0000000000e+00     0.0000000000e+00
    2.950000     1.4418168192e+00     0.0000000000e+00     0.0000000000e+00
    3.000000     1.1080617869e+00     0.0000000000e+00     0.0000000000e+00
    3.050000     5.7858458914e-01    -0.0000000000e+00     0.0000000000e+00
    3.100000     4.4417036961e-01     0.0000000000e+00     0.0000000000e+00
    3.150000     4.6338859408e-01     0.0000000000e+00     0.0000000000e+00
    3.200000     2.9588707932e-01    -0.0000000000e+00     0.0000000000e+00
    3.250000     1.5424827738e-01    -0.0000000000e+00     0.0000000000e+00
    3.300000     3.8893148795e-01    -0.0000000000e+00     0.0000000000e+00
    3.350000     1.1754198511e+00    -0.0000000000e+00     0.0000000000e+00
    3.400000     1.8502199041e+00     0.0000000000e+00     0.0000000000e+00
    3.450000     1.4863664799e+00     0.0000000000e+00     0.0000000000e+00
    3.500000     6.8498369731e-01     0.0000000000e+00     0.0000000000e+00
    3.550000     4.5832067196e-01    -0.0000000000e+00     0.0000000000e+00
    3.600000     7.7845616577e-01    -0.0000000000e+00     0.0000000000e+00
    3.650000     9.8259889589e-01    -0.0000000000e+00     0.0000000000e+00
    3.700000     9.0349406700e-01    -0.0000000000e+00     0.0000000000e+00
    3.750000     1.0813741843e+00     0.0000000000e+00     0.0000000000e+00
    3.800000     1.3632843076e+00     0.0000000000e+00    -0.0000000000e+00
    3.850000     1.4734997716e+00     0.0000000000e+00    -0.0000000000e+00
    3.900000     2.0176267696e+00     0.0000000000e+00    -0.0000000000e+00
    3.950000     2.7392813999e+00     0.0000000000e+00     0.0000000000e+00
    4.000000     2.6075911196e+00    -0.0000000000e+00     0.0000000000e+00
    4.050000     1.7422453135e+00    -0.0000000000e+00     0.0000000000e+00
    4.100000     9.8693166615e-01    -0.0000000000e+00     0.0000000000e+00
    4.150000     5.9122073377e-01    -0.0000000000e+00     0.0000000000e+00
    4.200000     5.0026296276e-01     0.0000000000e+00     0.0000000000e+00
    4.250000     5.9390129524e-01     0.0000000000e+00     0.0000000000e+00
    4.300000     5.1102561391e-01     0.0000000000e+00     0.0000000000e+00
    4.350000     2.5176993866e-01     0.0000000000e+00    -0.0000000000e+00
    4.400000     8.3554878779e-02     0.0000000000e+00    -0.0000000000e+00
    4.450000     8.8224917089e-02     0.0000000000e+00    -0.0000000000e+00
    4.500000     2.7672885217e-01     0.0000000000e+00    -0.0000000000e+00
    4.550000     6.0611502004e-01     0.0000000000e+00     0.0000000000e+00
    4.600000     8.7008041408e-01    -0.0000000000e+00     0.0000000000e+00
    4.650000     9.1292987600e-01    -0.0000000000e+00     0.0000000000e+00
    4.700000     7.2592718210e-01    -0.0000000000e+00     0.0000000000e+00
    4.750000     4.1223440859e-01    -0.0000000000e+00     0.0000000000e+00
    4.800000     2.0460458109e-01     0.0000000000e+00     0.0000000000e+00
    4.850000     1.6491629520e-01     0.0000000000e+00     0.0000000000e+00
    4.900000     1.7456997480e-01     0.0000000000e+00     0.0000000000e+00
    4.950000     2.0445490236e-01     0.0000000000e+00     0.0000000000e+00
    5.000000     3.1948955522e-01     0.0000000000e+00     0.0000000000e+00
    5.050000     5.5531727812e-01    -0.0000000000e+00     0.0000000000e+00
    5.100000     8.6503613984e-01    -0.0000000000e+00     0.0000000000e+00
    5.150000     9.5553618455e-01    -0.0000000000e+00     0.0000000000e+00
    5.200000     6.9428739692e-01     0.0000000000e+00     0.0000000000e+00
    5.250000     3.7861814293e-01     0.0000000000e+00    -0.0000000000e+00
    5.300000     2.0735199926e-01     0.0000000000e+00    -0.0000000000e+00
    5.350000     1.4548777634e-01     0.0000000000e+00    -0.0000000000e+00
    5.400000     1.1432960559e-01    -0.0000000000e+00    -0.0000000000e+00
    5.450000     8.5848728857e-02    -0.0000000000e+00    -0.0000000000e+00
    5.500000     8.3085796104e-02    -0.0000000000e+00     0.0000000000e+00
    5.550000     1.2429690668e-01    -0.0000000000e+00     0.0000000000e+00
    5.600000     1.7989798436e-01    -0.0000000000e+00     0.0000000000e+00
    5.650000     2.1826979402e-01     0.0000000000e+00     0.0000000000e+00
    5.700000     2.1055504721e-01     0.0000000000e+00     0.0000000000e+00
    5.750000     1.5588213974e-01     0.0000000000e+00     0.0000000000e+00
    5.800000     1.1615733889e-01     0.0000000000e+00     0.0000000000e+00
    5.850000     1.4244205694e-01    -0.0000000000e+00     0.0000000000e+00
    5.900000     1.8955666035e-01    -0.0000000000e+00     0.0000000000e+00
    5.950000     1.7073340970e-01    -0.0000000000e+00     0.0000000000e+00
    6.000000     1.1221857690e-01    -0.0000000000e+00     0.0000000000e+00
    6.050000     9.9466749503e-02    -0.0000000000e+00     0.0000000000e+00
    6.100000     1.2688947532e-01    -0.0000000000e+00     0.0000000000e+00
    6.150000     1.2942498908e-01    -0.0000000000e+00    -0.0000000000e+00
    6.200000     1.1764953795e-01    -0.0000000000e+00    -0.0000000000e+00
    6.250000     1.4938328386e-01     0.0000000000e+00    -0.0000000000e+00
    6.300000     2.0711081612e-01     0.0000000000e+00    -0.0000000000e+00
    6.350000     2.0409601689e-01     0.0000000000e+00    -0.0000000000e+00
    6.400000     1.4294823994e-01     0.0000000000e+00     0.0000000000e+00
    6.450000     9.8189793777e-02     0.0000000000e+00     0.0000000000e+00
    6.500000     7.1393229878e-02     0.0000000000e+00     0.0000000000e+00
    6.550000     4.7136202088e-02    -0.0000000000e+00     0.0000000000e+00
    6.600000     3.5752773655e-02    -0.0000000000e+00     0.0000000000e+00
    6.650000     3.4348318075e-02    -0.0000000000e+00     0.0000000000e+00
    6.700000     2.9405105833e-02    -0.0000000000e+00     0.0000000000e+00
    6.750000     3.0364851221e-02    -0.0000000000e+00     0.0000000000e+00
    6.800000     4.5043909815e-02    -0.0000000000e+00    -0.0000000000e+00
    6.850000     6.2351786907e-02    -0.0000000000e+00    -0.0000000000e+00
    6.900000     8.2341909851e-02    -0.0000000000e+00     0.0000000000e+00
    6.950000     1.0396724514e-01     0.0000000000e+00     0.0000000000e+00
    7.000000     1.0403681409e-01     0.0000000000e+00     0.0000000000e+00
    7.050000     8.5037693060e-02     0.0000000000e+00     0.0000000000e+00
    7.100000     6.4601061866e-02     0.0000000000e+00     0.0000000000e+00
    7.150000     4.5069915632e-02     0.0000000000e+00    -0.0000000000e+00
    7.200000     3.2795923857e-02    -0.0000000000e+00    -0.0000000000e+00
    7.250000     2.5974528830e-02    -0.0000000000e+00    -0.0000000000e+00
    7.300000     2.2601512188e-02    -0.0000000000e+00     0.0000000000e+00
    7.350000     2.6063039066e-02    -0.0000000000e+00     0.0000000000e+00
    7.400000     3.1675400476e-02    -0.0000000000e+00     0.0000000000e+00
    7.450000     3.1052445078e-02    -0.0000000000e+00     0.0000000000e+00
    7.500000     2.7038441303e-02    -0.0000000000e+00     0.0000000000e+00
    7.550000     2.5615279297e-02    -0.0000000000e+00    -0.0000000000e+00
    7.600000     2.7271343782e-02     0.0000000000e+00    -0.0000000000e+00
    7.650000     2.9208862618e-02     0.0000000000e+00     0.0000000000e+00
    7.700000     2.6289339166e-02     0.0000000000e+00     0.0000000000e+00
    7.750000     2.0033600815e-02    -0.0000000000e+00     0.0000000000e+00
    7.800000     1.4095933827e-02    -0.0000000000e+00    -0.0000000000e+00
    7.850000     1.2387452776e-02    -0.0000000000e+00    -0.0000000000e+00
    7.900000     1.5296897993e-02    -0.0000000000e+00    -0.0000000000e+00
    7.950000     2.1884936858e-02    -0.0000000000e+00    -0.0000000000e+00
    8.000000     2.9013884531e-02    -0.0000000000e+00    -0.0000000000e+00
    8.050000     3.1606484842e-02    -0.0000000000e+00    -0.0000000000e+00
    8.100000     2.8713953724e-02     0.0000000000e+00     0.0000000000e+00
    8.150000     2.4821400107e-02     0.0000000000e+00     0.0000000000e+00
    8.200000     2.3468229319e-02     0.0000000000e+00     0.0000000000e+00
    8.250000     2.3065336733e-02    -0.0000000000e+00     0.0000000000e+00
    8.300000     2.3173195637e-02    -0.0000000000e+00     0.0000000000e+00
    8.350000     2.3535346825e-02     0.0000000000e+00     0.0000000000e+00
    8.400000     2.5493409001e-02     0.0000000000e+00     0.0000000000e+00
    8.450000     2.5100039995e-02     0.0000000000e+00     0.0000000000e+00
    8.500000     1.9789976057e-02     0.0000000000e+00     0.0000000000e+00
    8.550000     1.4302633308e-02     0.0000000000e+00     0.0000000000e+00
    8.600000     1.3873673111e-02     0.0000000000e+00     0.0000000000e+00
    8.650000     1.6146384676e-02     0.0000000000e+00     0.0000000000e+00
    8.700000     1.5656470743e-02     0.0000000000e+00     0.0000000000e+00
    8.750000     1.4238203208e-02     0.0000000000e+00    -0.0000000000e+00
    8.800000     1.4136125855e-02    -0.0000000000e+00    -0.0000000000e+00
    8.850000     1.5055174451e-02    -0.0000000000e+00    -0.0000000000e+00
    8.900000     1.4205185224e-02    -0.0000000000e+00    -0.0000000000e+00
    8.950000     1.1813753613e-02    -0.0000000000e+00    -0.0000000000e+00
    9.000000     1.0392751488e-02    -0.0000000000e+00     0.0000000000e+00
    9.050000     1.2213508709e-02    -0.0000000000e+00     0.0000000000e+00
    9.100000     1.5441578056e-02     0.0000000000e+00     0.0000000000e+00
    9.150000     1.8090181715e-02     0.0000000000e+00    -0.0000000000e+00
    9.200000     1.9524506156e-02     0.0000000000e+00    -0.0000000000e+00
    9.250000     1.9721452835e-02     0.0000000000e+00    -0.0000000000e+00
    9.300000     1.9231549973e-02    -0.0000000000e+00     0.0000000000e+00
    9.350000     1.6680411650e-02    -0.0000000000e+00     0.0000000000e+00
    9.400000     1.4024247160e-02    -0.0000000000e+00     0.0000000000e+00
    9.450000     1.2444387175e-02    -0.0000000000e+00     0.0000000000e+00
    9.500000     1.2769764138e-02    -0.0000000000e+00     0.0000000000e+00
    9.550000     1.3385379910e-02    -0.0000000000e+00     0.0000000000e+00
    9.600000     1.2323452207e-02     0.0000000000e+00     0.0000000000e+00
    9.650000     1.0638056582e-02     0.0000000000e+00    -0.0000000000e+00
    9.700000     1.0772628321e-02     0.0000000000e+00    -0.0000000000e+00
    9.750000     1.1421834902e-02     0.0000000000e+00    -0.0000000000e+00
    9.800000     1.0551087471e-02     0.0000000000e+00    -0.0000000000e+00
    9.850000     1.0177990765e-02     0.0000000000e+00    -0.0000000000e+00
    9.900000     1.2701900422e-02    -0.0000000000e+00    -0.0000000000e+00
    9.950000     1.7682789621e-02     0.0000000000e+00     0.0000000000e+00
   10.000000     1.9347256465e-02     0.0000000000e+00     0.0000000000e+00
   10.050000     1.4913576241e-02     0.0000000000e+00     0.0000000000e+00
   10.100000     8.5623336109e-03     0.0000000000e+00     0.0000000000e+00
   10.150000     6.8639980016e-03    -0.0000000000e+00     0.0000000000e+00
   10.200000     8.9122433707e-03    -0.0000000000e+00     0.0000000000e+00
   10.250000     9.0755822512e-03    -0.0000000000e+00     0.0000000000e+00
   10.300000     6.0438047090e-03    -0.0000000000e+00     0.0000000000e+00
   10.350000     4.3921954410e-03    -0.0000000000e+00     0.0000000000e+00
   10.400000     6.9283449247e-03    -0.0000000000e+00     0.0000000000e+00
   10.450000     9.5141810753e-03     0.0000000000e+00     0.0000000000e+00
   10.500000     9.9198340634e-03     0.0000000000e+00    -0.0000000000e+00
   10.550000     1.0083564073e-02     0.0000000000e+00    -0.0000000000e+00
   10.600000     1.2380768326e-02     0.0000000000e+00     0.0000000000e+00
   10.650000     1.4438028124e-02    -0.0000000000e+00     0.0000000000e+00
   10.700000     1.3974789845e-02    -0.0000000000e+00     0.0000000000e+00
   10.750000     1.1547137330e-02    -0.0000000000e+00     0.0000000000e+00
   10.800000     9.7559955770e-03    -0.0000000000e+00     0.0000000000e+00
   10.850000     8.8101060309e-03     0.0000000000e+00     0.0000000000e+00
   10.900000     7.9216619158e-03     0.0000000000e+00    -0.0000000000e+00
   10.950000     9.3594813156e-03     0.0000000000e+00    -0.0000000000e+00
   11.000000     1.3293714945e-02     0.0000000000e+00    -0.0000000000e+00
   11.050000     1.6316870859e-02    -0.0000000000e+00    -0.0000000000e+00
   11.100000     1.4860539107e-02    -0.0000000000e+00    -0.0000000000e+00
   11.150000     1.1528034296e-02    -0.0000000000e+00    -0.0000000000e+00
   11.200000     9.9521279643e-03    -0.0000000000e+00     0.0000000000e+00
   11.250000     1.0626408136e-02    -0.0000000000e+00     0.0000000000e+00
   11.300000     1.1566945596e-02    -0.0000000000e+00     0.0000000000e+00
   11.350000     1.2182283376e-02    -0.0000000000e+00    -0.0000000000e+00
   11.400000     1.3228434965e-02    -0.0000000000e+00    -0.0000000000e+00
   11.450000     1.4198209570e-02    -0.0000000000e+00     0.0000000000e+00
   11.500000     1.4479979552e-02     0.0000000000e+00     0.0000000000e+00
   11.550000     1.4462138287e-02     0.0000000000e+00     0.0000000000e+00
   11.600000     1.4726825845e-02     0.0000000000e+00     0.0000000000e+00
   11.650000     1.5062922501e-02     0.0000000000e+00     0.0000000000e+00
   11.700000     1.5985563680e-02     0.0000000000e+00     0.0000000000e+00
   11.750000     1.4173081882e-02     0.0000000000e+00    -0.0000000000e+00
   11.800000     9.4602162633e-03     0.0000000000e+00    -0.0000000000e+00
   11.850000     5.8232936246e-03     0.0000000000e+00    -0.0000000000e+00
   11.900000     5.5645168376e-03    -0.0000000000e+00    -0.0000000000e+00
   11.950000     7.1229350811e-03    -0.0000000000e+00    -0.0000000000e+00
   12.000000     9.1315746074e-03    -0.0000000000e+00    -0.0000000000e+00
   12.050000     1.2847630975e-02    -0.0000000000e+00    -0.0000000000e+00
   12.100000     1.8310028709e-02    -0.0000000000e+00    -0.0000000000e+00
   12.150000     2.2968662495e-02    -0.0000000000e+00    -0.0000000000e+00
   12.200000     2.4697365789e-02     0.0000000000e+00    -0.0000000000e+00
   12.250000     2.4074559170e-02     0.0000000000e+00     0.0000000000e+00
   12.300000     2.0368778153e-02     0.0000000000e+00     0.0000000000e+00
   12.350000     1.5821855528e-02     0.0000000000e+00     0.0000000000e+00
   12.400000     1.2918933783e-02     0.0000000000e+00     0.0000000000e+00
   12.450000     1.1917233579e-02     0.0000000000e+00     0.0000000000e+00
   12.500000     1.2467823751e-02     0.0000000000e+00     0.0000000000e+00
   12.550000     1.3330788905e-02     0.0000000000e+00     0.0000000000e+00
   12.600000     1.3271489276e-02     0.0000000000e+00     0.0000000000e+00
   12.650000     1.2917704109e-02     0.0000000000e+00     0.0000000000e+00
   12.700000     1.2924309391e-02     0.0000000000e+00     0.0000000000e+00
   12.750000     1.3532092368e-02     0.0000000000e+00     0.0000000000e+00
   12.800000     1.4500707444e-02    -0.0000000000e+00     0.0000000000e+00
   12.850000     1.4024094318e-02    -0.0000000000e+00     0.0000000000e+00
   12.900000     1.2529292688e-02     0.0000000000e+00     0.0000000000e+00
   12.950000     1.0112907151e-02     0.0000000000e+00     0.0000000000e+00
   13.000000     8.6327516022e-03     0.0000000000e+00     0.0000000000e+00
   13.050000     9.2998691889e-03    -0.0000000000e+00     0.0000000000e+00
   13.100000     1.1496290778e-02    -0.0000000000e+00     0.0000000000e+00
   13.150000     1.4793258062e-02    -0.0000000000e+00     0.0000000000e+00
   13.200000     1.8017204222e-02     0.0000000000e+00     0.0000000000e+00
   13.250000     1.7601097356e-02     0.0000000000e+00     0.0000000000e+00
   13.300000     1.2567758843e-02    -0.0000000000e+00     0.0000000000e+00
   13.350000     7.1683583117e-03    -0.0000000000e+00     0.0000000000e+00
   13.400000     4.1737330258e-03    -0.0000000000e+00    -0.0000000000e+00
   13.450000     5.0629261937e-03    -0.0000000000e+00    -0.0000000000e+00
   13.500000     9.1343548265e-03     0.0000000000e+00    -0.0000000000e+00
   13.550000     1.4473762702e-02     0.0000000000e+00    -0.0000000000e+00
   13.600000     1.7433788889e-02     0.0000000000e+00    -0.0000000000e+00
   13.650000     1.8558655008e-02    -0.0000000000e+00    -0.0000000000e+00
   13.700000     1.8540735563e-02    -0.0000000000e+00    -0.0000000000e+00
   13.750000     1.5938328185e-02    -0.0000000000e+00    -0.0000000000e+00
   13.800000     1.3269239617e-02    -0.0000000000e+00     0.0000000000e+00
   13.850000     1.2524008427e-02    -0.0000000000e+00     0.0000000000e+00
   13.900000     1.3034260075e-02     0.0000000000e+00     0.0000000000e+00
   13.950000     1.2629617691e-02     0.0000000000e+00     0.0000000000e+00
   14.000000     1.2050990665e-02     0.0000000000e+00     0.0000000000e+00
   14.050000     1.2191800672e-02     0.0000000000e+00     0.0000000000e+00
   14.100000     1.1642416150e-02     0.0000000000e+00     0.0000000000e+00
   14.150000     9.2529266388e-03    -0.0000000000e+00    -0.0000000000e+00
   14.200000     8.8839424952e-03    -0.0000000000e+00    -0.0000000000e+00
   14.250000     1.1610930574e-02    -0.0000000000e+00    -0.0000000000e+00
   14.300000     1.3828922810e-02    -0.0000000000e+00    -0.0000000000e+00
   14.350000     1.4043862262e-02    -0.0000000000e+00    -0.0000000000e+00
   14.400000     1.2499192208e-02    -0.0000000000e+00    -0.0000000000e+00
   14.450000     1.0472602954e-02    -0.0000000000e+00    -0.0000000000e+00
   14.500000     8.4961855358e-03     0.0000000000e+00    -0.0000000000e+00
   14.550000     8.9133901357e-03     0.0000000000e+00    -0.0000000000e+00
   14.600000     1.1682998346e-02     0.0000000000e+00    -0.0000000000e+00
   14.650000     1.4470439699e-02     0.0000000000e+00    -0.0000000000e+00
   14.700000     1.6820007292e-02    -0.0000000000e+00    -0.0000000000e+00
   14.750000     2.0962724569e-02     0.0000000000e+00     0.0000000000e+00
   14.800000     2.5031811599e-02     0.0000000000e+00     0.0000000000e+00
   14.850000     2.3357705386e-02    -0.0000000000e+00    -0.0000000000e+00
   14.900000     1.5876497234e-02    -0.0000000000e+00    -0.0000000000e+00
   14.950000     9.4421908990e-03    -0.0000000000e+00    -0.0000000000e+00
   15.000000     8.6753835135e-03    -0.0000000000e+00    -0.0000000000e+00
   15.050000     1.0751908409e-02    -0.0000000000e+00     0.0000000000e+00
   15.100000     1.2105439013e-02    -0.0000000000e+00    -0.0000000000e+00
   15.150000     1.1575443594e-02    -0.0000000000e+00    -0.0000000000e+00
   15.200000     1.1259933832e-02    -0.0000000000e+00     0.0000000000e+00
   15.250000     1.2215147754e-02    -0.0000000000e+00     0.0000000000e+00
   15.300000     1.3670782803e-02    -0.0000000000e+00     0.0000000000e+00
   15.350000     1.4378027246e-02    -0.0000000000e+00     0.0000000000e+00
   15.400000     1.4222621210e-02    -0.0000000000e+00     0.0000000000e+00
   15.450000     1.4363251834e-02     0.0000000000e+00     0.0000000000e+00
   15.500000     1.6257411294e-02     0.0000000000e+00     0.0000000000e+00
   15.550000     1.7497002815e-02     0.0000000000e+00     0.0000000000e+00
   15.600000     1.4958762210e-02    -0.0000000000e+00    -0.0000000000e+00
   15.650000     1.2204287789e-02    -0.0000000000e+00    -0.0000000000e+00
   15.700000     1.1871687134e-02    -0.0000000000e+00    -0.0000000000e+00
   15.750000     1.3603196413e-02    -0.0000000000e+00    -0.0000000000e+00
   15.800000     1.5075684396e-02     0.0000000000e+00    -0.0000000000e+00
   15.850000     1.5359829412e-02     0.0000000000e+00    -0.0000000000e+00
   15.900000     1.5207753528e-02     0.0000000000e+00    -0.0000000000e+00
   15.950000     1.5753634296e-02     0.0000000000e+00     0.0000000000e+00
   16.000000     1.7023165942e-02    -0.0000000000e+00     0.0000000000e+00
   16.050000     1.8106732931e-02    -0.0000000000e+00     0.0000000000e+00
   16.100000     1.8085261018e-02    -0.0000000000e+00     0.0000000000e+00
   16.150000     1.6246111873e-02    -0.0000000000e+00     0.0000000000e+00
   16.200000     1.4166394007e-02    -0.0000000000e+00     0.0000000000e+00
   16.250000     1.2668231802e-02     0.0000000000e+00    -0.0000000000e+00
   16.300000     1.3646809568e-02     0.0000000000e+00    -0.0000000000e+00
   16.350000     1.6400011186e-02    -0.0000000000e+00    -0.0000000000e+00
   16.400000     1.8103189783e-02    -0.0000000000e+00    -0.0000000000e+00
   16.450000     1.8631824080e-02    -0.0000000000e+00    -0.0000000000e+00
   16.500000     2.0612528833e-02    -0.0000000000e+00     0.0000000000e+00
   16.550000     2.4742196853e-02    -0.0000000000e+00     0.0000000000e+00
   16.600000     2.6520198982e-02     0.0000000000e+00     0.0000000000e+00
   16.650000     2.4064677338e-02     0.0000000000e+00     0.0000000000e+00
   16.700000     2.0539350449e-02     0.0000000000e+00     0.0000000000e+00
   16.750000     1.7662535815e-02     0.0000000000e+00     0.0000000000e+00
   16.800000     1.4943337374e-02     0.0000000000e+00     0.0000000000e+00
   16.850000     1.3544063967e-02     0.0000000000e+00     0.0000000000e+00
   16.900000     1.3383769784e-02     0.0000000000e+00    -0.0000000000e+00
   16.950000     1.3863835971e-02     0.0000000000e+00    -0.0000000000e+00
   17.000000     1.4603720879e-02     0.0000000000e+00    -0.0000000000e+00
   17.050000     1.4614887410e-02     0.0000000000e+00     0.0000000000e+00
   17.100000     1.3071024959e-02    -0.0000000000e+00    -0.0000000000e+00
   17.150000     1.1629100422e-02    -0.0000000000e+00    -0.0000000000e+00
   17.200000     1.2240849298e-02    -0.0000000000e+00    -0.0000000000e+00
   17.250000     1.3791031039e-02    -0.0000000000e+00    -0.0000000000e+00
   17.300000     1.4383154774e-02    -0.0000000000e+00    -0.0000000000e+00
   17.350000     1.3748852872e-02    -0.0000000000e+00    -0.0000000000e+00
   17.400000     1.3306493686e-02    -0.0000000000e+00    -0.0000000000e+00
   17.450000     1.2486974244e-02     0.0000000000e+00     0.0000000000e+00
   17.500000     1.1103928781e-02    -0.0000000000e+00     0.0000000000e+00
   17.550000     9.8211821773e-03    -0.0000000000e+00    -0.0000000000e+00
   17.600000     1.0069293214e-02    -0.0000000000e+00    -0.0000000000e+00
   17.650000     1.1070939967e-02    -0.0000000000e+00    -0.0000000000e+00
   17.700000     1.1455735099e-02    -0.0000000000e+00    -0.0000000000e+00
   17.750000     1.1685367648e-02     0.0000000000e+00    -0.0000000000e+00
   17.800000     1.0838251693e-02     0.0000000000e+00    -0.0000000000e+00
   17.850000     9.1159081602e-03     0.0000000000e+00     0.0000000000e+00
   17.900000     8.3166683031e-03     0.0000000000e+00     0.0000000000e+00
   17.950000     1.0447280327e-02     0.0000000000e+00     0.0000000000e+00
   18.000000     1.5188029933e-02    -0.0000000000e+00     0.0000000000e+00
   18.050000     1.9478326302e-02    -0.0000000000e+00     0.0000000000e+00
   18.100000     1.9012851413e-02     0.0000000000e+00    -0.0000000000e+00
   18.150000     1.5208928628e-02     0.0000000000e+00    -0.0000000000e+00
   18.200000     1.1973876245e-02     0.0000000000e+00    -0.0000000000e+00
   18.250000     1.0324391057e-02     0.0000000000e+00     0.0000000000e+00
   18.300000     9.4767027256e-03     0.0000000000e+00     0.0000000000e+00
   18.350000     8.7899851336e-03     0.0000000000e+00     0.0000000000e+00
   18.400000     9.5288052967e-03    -0.0000000000e+00    -0.0000000000e+00
   18.450000     1.1380189620e-02    -0.0000000000e+00    -0.0000000000e+00
   18.500000     1.3942743900e-02    -0.0000000000e+00    -0.0000000000e+00
   18.550000     1.6494599383e-02     0.0000000000e+00    -0.0000000000e+00
   18.600000     1.7460139133e-02    -0.0000000000e+00    -0.0000000000e+00
   18.650000     1.6668728576e-02    -0.0000000000e+00    -0.0000000000e+00
   18.700000     1.5709820145e-02    -0.0000000000e+00    -0.0000000000e+00
   18.750000     1.3680970361e-02    -0.0000000000e+00    -0.0000000000e+00
   18.800000     1.1074497319e-02    -0.0000000000e+00     0.0000000000e+00
   18.850000     1.0094082357e-02    -0.0000000000e+00     0.0000000000e+00
   18.900000     1.0182294012e-02    -0.0000000000e+00     0.0000000000e+00
   18.950000     1.0451411298e-02    -0.0000000000e+00     0.0000000000e+00
   19.000000     1.0558038204e-02    -0.0000000000e+00     0.0000000000e+00
   19.050000     1.1467540610e-02    -0.0000000000e+00     0.0000000000e+00
   19.100000     1.3727619471e-02    -0.0000000000e+00     0.0000000000e+00
   19.150000     1.7134306550e-02     0.0000000000e+00     0.0000000000e+00
   19.200000     1.9746809248e-02     0.0000000000e+00     0.0000000000e+00
   19.250000     1.8990442448e-02     0.0000000000e+00     0.0000000000e+00
   19.300000     1.4279865702e-02    -0.0000000000e+00     0.0000000000e+00
   19.350000     9.6876949412e-03     0.0000000000e+00    -0.0000000000e+00
   19.400000     8.5563091483e-03     0.0000000000e+00    -0.0000000000e+00
   19.450000     9.4061021553e-03     0.0000000000e+00    -0.0000000000e+00
   19.500000     1.0718753912e-02     0.0000000000e+00    -0.0000000000e+00
   19.550000     1.3538239604e-02     0.0000000000e+00    -0.0000000000e+00
   19.600000     1.8131464884e-02     0.0000000000e+00    -0.0000000000e+00
   19.650000     2.1052197295e-02     0.0000000000e+00     0.0000000000e+00
   19.700000     2.1181979151e-02     0.0000000000e+00     0.0000000000e+00
   19.750000     2.0175187120e-02     0.0000000000e+00     0.0000000000e+00
   19.800000     2.2642237737e-02     0.0000000000e+00     0.0000000000e+00
   19.850000     2.6254275494e-02     0.0000000000e+00     0.0000000000e+00
   19.900000     2.5479054030e-02     0.0000000000e+00     0.0000000000e+00
   19.950000     2.2337007170e-02    -0.0000000000e+00     0.0000000000e+00
   20.000000     1.9182547684e-02    -0.0000000000e+00    -0.0000000000e+00
   20.050000     1.7328107681e-02    -0.0000000000e+00    -0.0000000000e+00
   20.100000     1.7251139593e-02    -0.0000000000e+00    -0.0000000000e+00
   20.150000     1.6718077717e-02    -0.0000000000e+00    -0.0000000000e+00
   20.200000     1.3950229827e-02    -0.0000000000e+00    -0.0000000000e+00
   20.250000     1.3009595707e-02    -0.0000000000e+00    -0.0000000000e+00
   20.300000     1.5019842166e-02    -0.0000000000e+00    -0.0000000000e+00
   20.350000     1.6665188296e-02    -0.0000000000e+00    -0.0000000000e+00
   20.400000     1.7399000375e-02     0.0000000000e+00    -0.0000000000e+00
   20.450000     1.7257473740e-02     0.0000000000e+00    -0.0000000000e+00
   20.500000     1.4537360004e-02     0.0000000000e+00    -0.0000000000e+00
   20.550000     1.1293622438e-02     0.0000000000e+00    -0.0000000000e+00
   20.600000     1.0782858839e-02     0.0000000000e+00    -0.0000000000e+00
   20.650000     1.2280120097e-02    -0.0000000000e+00     0.0000000000e+00
   20.700000     1.4262278557e-02    -0.0000000000e+00     0.0000000000e+00
   20.750000     1.5542188008e-02    -0.0000000000e+00     0.0000000000e+00
   20.800000     1.5823211245e-02    -0.0000000000e+00     0.0000000000e+00
   20.850000     1.4443285532e-02    -0.0000000000e+00     0.0000000000e+00
   20.900000     1.3671263736e-02    -0.0000000000e+00     0.0000000000e+00
   20.950000     1.5113961674e-02    -0.0000000000e+00     0.0000000000e+00
   21.000000     1.6017135849e-02    -0.0000000000e+00     0.0000000000e+00
   21.050000     1.4656721482e-02    -0.0000000000e+00     0.0000000000e+00
   21.100000     1.3294421751e-02    -0.0000000000e+00     0.0000000000e+00
   21.150000     1.4052996100e-02    -0.0000000000e+00     0.0000000000e+00
   21.200000     1.5009543055e-02     0.0000000000e+00    -0.0000000000e+00
   21.250000     1.4420371160e-02    -0.0000000000e+00    -0.0000000000e+00
   21.300000     1.2780719514e-02    -0.0000000000e+00    -0.0000000000e+00
   21.350000     1.1584392910e-02    -0.0000000000e+00    -0.0000000000e+00
   21.400000     1.1027426700e-02    -0.0000000000e+00     0.0000000000e+00
   21.450000     1.1144141516e-02     0.0000000000e+00     0.0000000000e+00
   21.500000     1.1740769087e-02     0.0000000000e+00     0.0000000000e+00
   21.550000     1.2937751727e-02     0.0000000000e+00     0.0000000000e+00
   21.600000     1.2960217944e-02     0.0000000000e+00     0.0000000000e+00
   21.650000     1.0856329508e-02     0.0000000000e+00     0.0000000000e+00
   21.700000     9.0791435368e-03     0.0000000000e+00     0.0000000000e+00
   21.750000     8.7383930337e-03    -0.0000000000e+00     0.0000000000e+00
   21.800000     9.5966127155e-03    -0.0000000000e+00     0.0000000000e+00
   21.850000     1.0613480430e-02    -0.0000000000e+00     0.0000000000e+00
   21.900000     1.1485218255e-02    -0.0000000000e+00     0.0000000000e+00
   21.950000     1.1901987270e-02     0.0000000000e+00     0.0000000000e+00
   22.000000     1.1716993504e-02    -0.0000000000e+00     0.0000000000e+00
   22.050000     1.0969067358e-02    -0.0000000000e+00    -0.0000000000e+00
   22.100000     1.1132452240e-02    -0.0000000000e+00    -0.0000000000e+00
   22.150000     1.2897951238e-02    -0.0000000000e+00    -0.0000000000e+00
   22.200000     1.4684719480e-02    -0.0000000000e+00    -0.0000000000e+00
   22.250000     1.4477726536e-02    -0.0000000000e+00     0.0000000000e+00
   22.300000     1.1856478470e-02    -0.0000000000e+00     0.0000000000e+00
   22.350000     8.5132070914e-03    -0.0000000000e+00     0.0000000000e+00
   22.400000     6.5675193555e-03     0.0000000000e+00     0.0000000000e+00
   22.450000     7.1434706627e-03     0.0000000000e+00     0.0000000000e+00
   22.500000     8.4364348684e-03     0.0000000000e+00     0.0000000000e+00
   22.550000     9.7607056802e-03     0.0000000000e+00     0.0000000000e+00
   22.600000     1.1550656465e-02     0.0000000000e+00     0.0000000000e+00
   22.650000     1.3307729594e-02     0.0000000000e+00     0.0000000000e+00
   22.700000     1.3299189611e-02     0.0000000000e+00     0.0000000000e+00
   22.750000     1.1836469099e-02    -0.0000000000e+00     0.0000000000e+00
   22.800000     1.0473508795e-02    -0.0000000000e+00     0.0000000000e+00
   22.850000     9.7001355206e-03    -0.0000000000e+00     0.0000000000e+00
   22.900000     1.0997488009e-02    -0.0000000000e+00    -0.0000000000e+00
   22.950000     1.4641226155e-02     0.0000000000e+00    -0.0000000000e+00
   23.000000     1.8261987331e-02     0.0000000000e+00    -0.0000000000e+00
   23.050000     1.9158542284e-02     0.0000000000e+00    -0.0000000000e+00
   23.100000     1.8500052182e-02    -0.0000000000e+00    -0.0000000000e+00
   23.150000     1.7674994508e-02    -0.0000000000e+00    -0.0000000000e+00
   23.200000     1.6204876988e-02    -0.0000000000e+00    -0.0000000000e+00
   23.250000     1.4061072846e-02    -0.0000000000e+00    -0.0000000000e+00
   23.300000     1.2589425426e-02     0.0000000000e+00    -0.0000000000e+00
   23.350000     1.1604312768e-02     0.0000000000e+00    -0.0000000000e+00
   23.400000     1.1219982250e-02     0.0000000000e+00    -0.0000000000e+00
   23.450000     1.2014763610e-02     0.0000000000e+00    -0.0000000000e+00
   23.500000     1.2163230614e-02     0.0000000000e+00    -0.0000000000e+00
   23.550000     1.1959768986e-02     0.0000000000e+00     0.0000000000e+00
   23.600000     1.2139075281e-02     0.0000000000e+00     0.0000000000e+00
   23.650000     1.2148750609e-02     0.0000000000e+00     0.0000000000e+00
   23.700000     1.1786624246e-02     0.0000000000e+00     0.0000000000e+00
   23.750000     1.1648702050e-02     0.0000000000e+00     0.0000000000e+00
   23.800000     1.1257519660e-02    -0.0000000000e+00     0.0000000000e+00
   23.850000     1.0429296172e-02    -0.0000000000e+00     0.0000000000e+00
   23.900000     9.2713681446e-03    -0.0000000000e+00     0.0000000000e+00
   23.950000     8.0118402402e-03    -0.0000000000e+00     0.0000000000e+00
   24.000000     7.5900119436e-03    -0.0000000000e+00     0.0000000000e+00
   24.050000     8.3622077661e-03    -0.0000000000e+00     0.0000000000e+00
   24.100000     1.0331099092e-02    -0.0000000000e+00     0.0000000000e+00
   24.150000     1.2563273444e-02    -0.0000000000e+00     0.0000000000e+00
   24.200000     1.4262285728e-02     0.0000000000e+00     0.0000000000e+00
   24.250000     1.4961653149e-02     0.0000000000e+00     0.0000000000e+00
   24.300000     1.6025471167e-02     0.0000000000e+00     0.0000000000e+00
   24.350000     1.7996511158e-02     0.0000000000e+00     0.0000000000e+00
   24.400000     1.8935563851e-02     0.0000000000e+00     0.0000000000e+00
   24.450000     1.7684087407e-02    -0.0000000000e+00    -0.0000000000e+00
   24.500000     1.5375417722e-02    -0.0000000000e+00    -0.0000000000e+00
   24.550000     1.3277685888e-02    -0.0000000000e+00    -0.0000000000e+00
   24.600000     1.1541874697e-02    -0.0000000000e+00    -0.0000000000e+00
   24.650000     1.0356630803e-02    -0.0000000000e+00    -0.0000000000e+00
   24.700000     9.6039733676e-03    -0.0000000000e+00    -0.0000000000e+00
   24.750000     9.5420071808e-03    -0.0000000000e+00     0.0000000000e+00
   24.800000     9.7113558591e-03    -0.0000000000e+00     0.0000000000e+00
   24.850000     9.7200872374e-03     0.0000000000e+00     0.0000000000e+00
   24.900000     9.1112082399e-03     0.0000000000e+00     0.0000000000e+00
   24.950000     8.7970128038e-03    -0.0000000000e+00     0.0000000000e+00
   25.000000     9.1038403196e-03    -0.0000000000e+00     0.0000000000e+00
   25.050000     9.6238646642e-03    -0.0000000000e+00     0.0000000000e+00
   25.100000     1.0563989131e-02    -0.0000000000e+00     0.0000000000e+00
   25.150000     1.1499834070e-02    -0.0000000000e+00     0.0000000000e+00
   25.200000     1.1606437065e-02     0.0000000000e+00     0.0000000000e+00
   25.250000     1.0024038758e-02     0.0000000000e+00     0.0000000000e+00
   25.300000     8.0258457720e-03     0.0000000000e+00    -0.0000000000e+00
   25.350000     7.0555811532e-03    -0.0000000000e+00    -0.0000000000e+00
   25.400000     7.9546620892e-03    -0.0000000000e+00    -0.0000000000e+00
   25.450000     1.0166099298e-02     0.0000000000e+00     0.0000000000e+00
   25.500000     1.1657551941e-02     0.0000000000e+00     0.0000000000e+00
   25.550000     1.1182002343e-02     0.0000000000e+00     0.0000000000e+00
   25.600000     1.0565973542e-02     0.0000000000e+00     0.0000000000e+00
   25.650000     1.1273151031e-02     0.0000000000e+00     0.0000000000e+00
   25.700000     1.2936010313e-02     0.0000000000e+00     0.0000000000e+00
   25.750000     1.5020699394e-02     0.0000000000e+00     0.0000000000e+00
   25.800000     1.5905233473e-02    -0.0000000000e+00     0.0000000000e+00
   25.850000     1.4418084544e-02    -0.0000000000e+00     0.0000000000e+00
   25.900000     1.1588937890e-02    -0.0000000000e+00     0.0000000000e+00
   25.950000     9.9195710103e-03    -0.0000000000e+00     0.0000000000e+00
   26.000000     9.3337192159e-03    -0.0000000000e+00    -0.0000000000e+00
   26.050000     8.7421797766e-03    -0.0000000000e+00    -0.0000000000e+00
   26.100000     8.3457809999e-03    -0.0000000000e+00    -0.0000000000e+00
   26.150000     9.5843595758e-03     0.0000000000e+00    -0.0000000000e+00
   26.200000     1.2519128558e-02     0.0000000000e+00    -0.0000000000e+00
   26.250000     1.4864212067e-02     0.0000000000e+00    -0.0000000000e+00
   26.300000     1.6488968417e-02     0.0000000000e+00    -0.0000000000e+00
   26.350000     1.8273176975e-02     0.0000000000e+00    -0.0000000000e+00
   26.400000     1.7771747770e-02     0.0000000000e+00    -0.0000000000e+00
   26.450000     1.4131421580e-02     0.0000000000e+00    -0.0000000000e+00
   26.500000     1.1590044726e-02     0.0000000000e+00    -0.0000000000e+00
   26.550000     1.1011853714e-02     0.0000000000e+00    -0.0000000000e+00
   26.600000     1.1238627219e-02     0.0000000000e+00    -0.0000000000e+00
   26.650000     1.2016444051e-02     0.0000000000e+00     0.0000000000e+00
   26.700000     1.3024103786e-02     0.0000000000e+00     0.0000000000e+00
   26.750000     1.3463875509e-02    -0.0000000000e+00     0.0000000000e+00
   26.800000     1.2497069565e-02    -0.0000000000e+00     0.0000000000e+00
   26.850000     1.0859151573e-02    -0.0000000000e+00     0.0000000000e+00
   26.900000     9.6942663687e-03    -0.0000000000e+00     0.0000000000e+00
   26.950000     9.6194448689e-03    -0.0000000000e+00     0.0000000000e+00
   27.000000     9.8331954294e-03    -0.0000000000e+00    -0.0000000000e+00
   27.050000     1.0255179789e-02    -0.0000000000e+00    -0.0000000000e+00
   27.100000     1.0107749979e-02    -0.0000000000e+00     0.0000000000e+00
   27.150000     9.0172796759e-03    -0.0000000000e+00     0.0000000000e+00
   27.200000     7.8399340447e-03    -0.0000000000e+00     0.0000000000e+00
   27.250000     7.3960255782e-03    -0.0000000000e+00     0.0000000000e+00
   27.300000     8.1265449857e-03    -0.0000000000e+00     0.0000000000e+00
   27.350000     9.6111169483e-03     0.0000000000e+00     0.0000000000e+00
   27.400000     1.0562595002e-02    -0.0000000000e+00     0.0000000000e+00
   27.450000     1.1000501330e-02    -0.0000000000e+00     0.0000000000e+00
   27.500000     1.1413716333e-02     0.0000000000e+00     0.0000000000e+00
   27.550000     1.0601996095e-02     0.0000000000e+00     0.0000000000e+00
   27.600000     9.2192834684e-03     0.0000000000e+00     0.0000000000e+00
   27.650000     7.9864010855e-03     0.0000000000e+00     0.0000000000e+00
   27.700000     7.5395877493e-03    -0.0000000000e+00    -0.0000000000e+00
   27.750000     8.2191314672e-03    -0.0000000000e+00     0.0000000000e+00
   27.800000     9.4788831341e-03    -0.0000000000e+00     0.0000000000e+00
   27.850000     9.7035824777e-03    -0.0000000000e+00     0.0000000000e+00
   27.900000     8.7716991487e-03     0.0000000000e+00     0.0000000000e+00
   27.950000     8.4094438253e-03     0.0000000000e+00     0.0000000000e+00
   28.000000     8.1200105352e-03     0.0000000000e+00     0.0000000000e+00
   28.050000     7.4352981054e-03     0.0000000000e+00     0.0000000000e+00
   28.100000     7.1647489917e-03     0.0000000000e+00     0.0000000000e+00
   28.150000     7.9956207496e-03     0.0000000000e+00     0.0000000000e+00
   28.200000     9.0227730881e-03    -0.0000000000e+00     0.0000000000e+00
   28.250000     1.0019572612e-02    -0.0000000000e+00    -0.0000000000e+00
   28.300000     1.0711131904e-02    -0.0000000000e+00    -0.0000000000e+00
   28.350000     1.0702700353e-02    -0.0000000000e+00    -0.0000000000e+00
   28.400000     9.5987754522e-03    -0.0000000000e+00     0.0000000000e+00
   28.450000     7.9416734557e-03    -0.0000000000e+00     0.0000000000e+00
   28.500000     7.2114792173e-03    -0.0000000000e+00     0.0000000000e+00
   28.550000     7.7072697081e-03    -0.0000000000e+00     0.0000000000e+00
   28.600000     9.1273544648e-03    -0.0000000000e+00     0.0000000000e+00
   28.650000     9.5558629165e-03    -0.0000000000e+00     0.0000000000e+00
   28.700000     8.8582790543e-03     0.0000000000e+00     0.0000000000e+00
   28.750000     9.3084239766e-03     0.0000000000e+00     0.0000000000e+00
   28.800000     1.1396542330e-02     0.0000000000e+00     0.0000000000e+00
   28.850000     1.2602751224e-02     0.0000000000e+00     0.0000000000e+00
   28.900000     1.2838158924e-02     0.0000000000e+00     0.0000000000e+00
   28.950000     1.3718076768e-02     0.0000000000e+00     0.0000000000e+00
   29.000000     1.4579180549e-02     0.0000000000e+00     0.0000000000e+00
   29.050000     1.3559800569e-02     0.0000000000e+00     0.0000000000e+00
   29.100000     1.1926283390e-02    -0.0000000000e+00     0.0000000000e+00
   29.150000     1.2670084093e-02    -0.0000000000e+00    -0.0000000000e+00
   29.200000     1.4172275561e-02    -0.0000000000e+00    -0.0000000000e+00
   29.250000     1.3870759830e-02    -0.0000000000e+00    -0.0000000000e+00
   29.300000     1.2201254011e-02    -0.0000000000e+00     0.0000000000e+00
   29.350000     1.1186554426e-02    -0.0000000000e+00     0.0000000000e+00
   29.400000     1.0715685791e-02     0.0000000000e+00     0.0000000000e+00
   29.450000     9.9665963503e-03     0.0000000000e+00     0.0000000000e+00
   29.500000     9.0486859022e-03     0.0000000000e+00     0.0000000000e+00
   29.550000     9.0347894142e-03     0.0000000000e+00     0.0000000000e+00
   29.600000     1.0045871631e-02     0.0000000000e+00     0.0000000000e+00
   29.650000     1.1545702050e-02     0.0000000000e+00     0.0000000000e+00
   29.700000     1.3622871492e-02     0.0000000000e+00     0.0000000000e+00
   29.750000     1.4894808242e-02     0.0000000000e+00    -0.0000000000e+00
   29.800000     1.4397508103e-02     0.0000000000e+00    -0.0000000000e+00
   29.850000     1.2781607308e-02    -0.0000000000e+00    -0.0000000000e+00
   29.900000     1.1245870684e-02    -0.0000000000e+00    -0.0000000000e+00
   29.950000     1.0024868914e-02     0.0000000000e+00    -0.0000000000e+00
   30.000000     9.7665931727e-03     0.0000000000e+00    -0.0000000000e+00
