# Photoabsorption spectrum from real-time propagation
# GPAW version: 20.1.0
# Total time = 44.9700 fs, Time steps = [30.0000] as
# Kick = [0, 0, 1e-05]
# Gaussian folding, Width = 0.0600 eV = 0.002205 Hartree <=> FWHM = 0.141289 eV
#    om (eV)                  S_x                  S_y                  S_z
    0.000000     0.0000000000e+00     0.0000000000e+00     0.0000000000e+00
    0.050000    -0.0000000000e+00    -0.0000000000e+00    -4.5769225450e-03
    0.100000    -0.0000000000e+00    -0.0000000000e+00    -9.9418553191e-03
    0.150000    -0.0000000000e+00    -0.0000000000e+00    -1.0296956562e-02
    0.200000    -0.0000000000e+00    -0.0000000000e+00    -9.3027381293e-03
    0.250000    -0.0000000000e+00    -0.0000000000e+00    -8.8490864731e-03
    0.300000    -0.0000000000e+00    -0.0000000000e+00    -8.6921097566e-03
    0.350000    -0.0000000000e+00    -0.0000000000e+00    -8.6547210950e-03
    0.400000    -0.0000000000e+00    -0.0000000000e+00    -8.6566626311e-03
    0.450000    -0.0000000000e+00    -0.0000000000e+00    -8.7426706868e-03
    0.500000    -0.0000000000e+00    -0.0000000000e+00    -8.8342593396e-03
    0.550000    -0.0000000000e+00    -0.0000000000e+00    -8.8059368181e-03
    0.600000    -0.0000000000e+00    -0.0000000000e+00    -8.7223270239e-03
    0.650000    -0.0000000000e+00    -0.0000000000e+00    -8.6259656009e-03
    0.700000    -0.0000000000e+00    -0.0000000000e+00    -8.7967936288e-03
    0.750000    -0.0000000000e+00    -0.0000000000e+00    -9.0934429078e-03
    0.800000    -0.0000000000e+00    -0.0000000000e+00    -9.5041780471e-03
    0.850000    -0.0000000000e+00    -0.0000000000e+00    -9.7453788411e-03
    0.900000    -0.0000000000e+00    -0.0000000000e+00    -9.9809122222e-03
    0.950000    -0.0000000000e+00    -0.0000000000e+00    -1.0196988693e-02
    1.000000    -0.0000000000e+00    -0.0000000000e+00    -1.0278802859e-02
    1.050000    -0.0000000000e+00    -0.0000000000e+00    -9.9736476421e-03
    1.100000    -0.0000000000e+00    -0.0000000000e+00    -9.5060634512e-03
    1.150000    -0.0000000000e+00    -0.0000000000e+00    -9.0679531809e-03
    1.200000     0.0000000000e+00    -0.0000000000e+00    -7.3031158265e-03
    1.250000     0.0000000000e+00    -0.0000000000e+00    -6.4035559716e-03
    1.300000     0.0000000000e+00    -0.0000000000e+00    -8.0411293493e-03
    1.350000    -0.0000000000e+00    -0.0000000000e+00    -9.4721125182e-03
    1.400000    -0.0000000000e+00    -0.0000000000e+00    -7.3436688555e-03
    1.450000    -0.0000000000e+00     0.0000000000e+00     4.6908712359e-03
    1.500000    -0.0000000000e+00     0.0000000000e+00     3.4029241801e-02
    1.550000    -0.0000000000e+00     0.0000000000e+00     5.6651702085e-02
    1.600000    -0.0000000000e+00    -0.0000000000e+00     4.1013076779e-02
    1.650000     0.0000000000e+00    -0.0000000000e+00     1.3669728943e-02
    1.700000     0.0000000000e+00    -0.0000000000e+00     1.0425759201e-02
    1.750000     0.0000000000e+00    -0.0000000000e+00     2.1313153633e-02
    1.800000     0.0000000000e+00    -0.0000000000e+00     1.7191665227e-02
    1.850000     0.0000000000e+00    -0.0000000000e+00    -9.8632589938e-04
    1.900000     0.0000000000e+00    -0.0000000000e+00     7.4449728081e-03
    1.950000    -0.0000000000e+00     0.0000000000e+00     2.2023533780e-01
    2.000000    -0.0000000000e+00     0.0000000000e+00     1.1892719248e+00
    2.050000    -0.0000000000e+00     0.0000000000e+00     3.0988487328e+00
    2.100000    -0.0000000000e+00     0.0000000000e+00     4.0277036545e+00
    2.150000    -0.0000000000e+00     0.0000000000e+00     2.6029732326e+00
    2.200000    -0.0000000000e+00     0.0000000000e+00     8.2251645343e-01
    2.250000    -0.0000000000e+00     0.0000000000e+00     1.0522118235e-01
    2.300000    -0.0000000000e+00    -0.0000000000e+00     1.1537932705e-02
    2.350000    -0.0000000000e+00    -0.0000000000e+00     4.6489853406e-01
    2.400000    -0.0000000000e+00     0.0000000000e+00     3.5677680181e+00
    2.450000    -0.0000000000e+00     0.0000000000e+00     1.2956494965e+01
    2.500000    -0.0000000000e+00     0.0000000000e+00     2.3556242232e+01
    2.550000    -0.0000000000e+00     0.0000000000e+00     2.2631010695e+01
    2.600000    -0.0000000000e+00     0.0000000000e+00     1.5865423928e+01
    2.650000     0.0000000000e+00    -0.0000000000e+00     1.5165445111e+01
    2.700000     0.0000000000e+00    -0.0000000000e+00     1.3714189347e+01
    2.750000     0.0000000000e+00    -0.0000000000e+00     7.2266512552e+00
    2.800000     0.0000000000e+00    -0.0000000000e+00     2.1468310778e+00
    2.850000     0.0000000000e+00    -0.0000000000e+00     4.4192628611e-01
    2.900000     0.0000000000e+00    -0.0000000000e+00     1.1906844265e-01
    2.950000     0.0000000000e+00    -0.0000000000e+00     8.5358639648e-02
    3.000000     0.0000000000e+00    -0.0000000000e+00     1.0544184793e-01
    3.050000     0.0000000000e+00    -0.0000000000e+00     1.4501995841e-01
    3.100000     0.0000000000e+00    -0.0000000000e+00     1.8615893795e-01
    3.150000     0.0000000000e+00    -0.0000000000e+00     2.0950290299e-01
    3.200000     0.0000000000e+00    -0.0000000000e+00     1.9200334269e-01
    3.250000     0.0000000000e+00    -0.0000000000e+00     1.1499000797e-01
    3.300000     0.0000000000e+00    -0.0000000000e+00     5.0122718742e-02
    3.350000     0.0000000000e+00    -0.0000000000e+00     4.2021850834e-02
    3.400000     0.0000000000e+00    -0.0000000000e+00     5.7905779492e-02
    3.450000     0.0000000000e+00    -0.0000000000e+00     1.4301071147e-01
    3.500000     0.0000000000e+00    -0.0000000000e+00     5.3295370372e-01
    3.550000     0.0000000000e+00    -0.0000000000e+00     1.2410317517e+00
    3.600000     0.0000000000e+00    -0.0000000000e+00     1.4914952008e+00
    3.650000     0.0000000000e+00    -0.0000000000e+00     9.5618817449e-01
    3.700000     0.0000000000e+00    -0.0000000000e+00     6.0321075233e-01
    3.750000     0.0000000000e+00    -0.0000000000e+00     1.2849418114e+00
    3.800000    -0.0000000000e+00     0.0000000000e+00     2.5037108067e+00
    3.850000    -0.0000000000e+00     0.0000000000e+00     2.5709677342e+00
    3.900000    -0.0000000000e+00     0.0000000000e+00     1.4067884994e+00
    3.950000    -0.0000000000e+00    -0.0000000000e+00     6.0594019149e-01
    4.000000     0.0000000000e+00    -0.0000000000e+00     4.8967446608e-01
    4.050000     0.0000000000e+00    -0.0000000000e+00     4.2676899923e-01
    4.100000     0.0000000000e+00    -0.0000000000e+00     2.8623747737e-01
    4.150000     0.0000000000e+00    -0.0000000000e+00     3.3517896520e-01
    4.200000     0.0000000000e+00     0.0000000000e+00     5.9118485388e-01
    4.250000     0.0000000000e+00     0.0000000000e+00     6.5750643056e-01
    4.300000    -0.0000000000e+00     0.0000000000e+00     4.0739696176e-01
    4.350000    -0.0000000000e+00     0.0000000000e+00     2.1298185992e-01
    4.400000    -0.0000000000e+00     0.0000000000e+00     2.4103747268e-01
    4.450000    -0.0000000000e+00     0.0000000000e+00     2.9555550901e-01
    4.500000    -0.0000000000e+00     0.0000000000e+00     2.0704472398e-01
    4.550000     0.0000000000e+00     0.0000000000e+00     9.0504612725e-02
    4.600000     0.0000000000e+00     0.0000000000e+00     1.0108794264e-01
    4.650000     0.0000000000e+00    -0.0000000000e+00     3.1096634572e-01
    4.700000     0.0000000000e+00    -0.0000000000e+00     6.3533453993e-01
    4.750000     0.0000000000e+00    -0.0000000000e+00     7.1870502805e-01
    4.800000     0.0000000000e+00    -0.0000000000e+00     4.6108573919e-01
    4.850000     0.0000000000e+00    -0.0000000000e+00     2.3986095652e-01
    4.900000     0.0000000000e+00    -0.0000000000e+00     2.8622963327e-01
    4.950000     0.0000000000e+00    -0.0000000000e+00     5.1034019642e-01
    5.000000     0.0000000000e+00     0.0000000000e+00     6.4595302047e-01
    5.050000     0.0000000000e+00     0.0000000000e+00     5.0362756455e-01
    5.100000    -0.0000000000e+00     0.0000000000e+00     2.5558381333e-01
    5.150000    -0.0000000000e+00    -0.0000000000e+00     1.2879462990e-01
    5.200000    -0.0000000000e+00    -0.0000000000e+00     9.7848684617e-02
    5.250000    -0.0000000000e+00    -0.0000000000e+00     8.9777816909e-02
    5.300000    -0.0000000000e+00    -0.0000000000e+00     1.0774828209e-01
    5.350000    -0.0000000000e+00    -0.0000000000e+00     1.3514622503e-01
    5.400000    -0.0000000000e+00    -0.0000000000e+00     1.3824560346e-01
    5.450000    -0.0000000000e+00    -0.0000000000e+00     1.1821020181e-01
    5.500000     0.0000000000e+00    -0.0000000000e+00     1.0081705256e-01
    5.550000     0.0000000000e+00    -0.0000000000e+00     1.0950103044e-01
    5.600000     0.0000000000e+00     0.0000000000e+00     1.3508459413e-01
    5.650000    -0.0000000000e+00     0.0000000000e+00     1.3875049279e-01
    5.700000    -0.0000000000e+00    -0.0000000000e+00     1.0828733025e-01
    5.750000     0.0000000000e+00    -0.0000000000e+00     8.6770032366e-02
    5.800000     0.0000000000e+00    -0.0000000000e+00     1.2045614213e-01
    5.850000     0.0000000000e+00    -0.0000000000e+00     1.8054133146e-01
    5.900000     0.0000000000e+00    -0.0000000000e+00     1.9436046252e-01
    5.950000     0.0000000000e+00    -0.0000000000e+00     1.6648854637e-01
    6.000000     0.0000000000e+00    -0.0000000000e+00     1.5210401928e-01
    6.050000     0.0000000000e+00    -0.0000000000e+00     1.6467270721e-01
    6.100000     0.0000000000e+00    -0.0000000000e+00     1.5467154879e-01
    6.150000     0.0000000000e+00    -0.0000000000e+00     9.9908134649e-02
    6.200000     0.0000000000e+00    -0.0000000000e+00     5.0759302885e-02
    6.250000     0.0000000000e+00    -0.0000000000e+00     3.6339512693e-02
    6.300000    -0.0000000000e+00     0.0000000000e+00     4.7548426739e-02
    6.350000    -0.0000000000e+00     0.0000000000e+00     7.1297359839e-02
    6.400000     0.0000000000e+00     0.0000000000e+00     8.6088013090e-02
    6.450000     0.0000000000e+00     0.0000000000e+00     7.2211199509e-02
    6.500000    -0.0000000000e+00    -0.0000000000e+00     5.0023465334e-02
    6.550000    -0.0000000000e+00    -0.0000000000e+00     3.6730115467e-02
    6.600000     0.0000000000e+00    -0.0000000000e+00     3.3742246673e-02
    6.650000     0.0000000000e+00    -0.0000000000e+00     3.9774981582e-02
    6.700000     0.0000000000e+00    -0.0000000000e+00     4.9914651772e-02
    6.750000    -0.0000000000e+00     0.0000000000e+00     5.5311925019e-02
    6.800000    -0.0000000000e+00    -0.0000000000e+00     5.1122775674e-02
    6.850000    -0.0000000000e+00    -0.0000000000e+00     4.4574952703e-02
    6.900000    -0.0000000000e+00    -0.0000000000e+00     3.8503442724e-02
    6.950000     0.0000000000e+00    -0.0000000000e+00     3.5937825364e-02
    7.000000     0.0000000000e+00    -0.0000000000e+00     3.8136684879e-02
    7.050000     0.0000000000e+00    -0.0000000000e+00     4.2517803044e-02
    7.100000    -0.0000000000e+00     0.0000000000e+00     3.8243225039e-02
    7.150000    -0.0000000000e+00     0.0000000000e+00     2.8565304005e-02
    7.200000    -0.0000000000e+00     0.0000000000e+00     2.4308963159e-02
    7.250000     0.0000000000e+00     0.0000000000e+00     2.3074815740e-02
    7.300000     0.0000000000e+00    -0.0000000000e+00     1.9308773471e-02
    7.350000     0.0000000000e+00    -0.0000000000e+00     1.4660132093e-02
    7.400000     0.0000000000e+00    -0.0000000000e+00     1.9633570652e-02
    7.450000     0.0000000000e+00     0.0000000000e+00     3.6887538958e-02
    7.500000     0.0000000000e+00     0.0000000000e+00     5.4619417210e-02
    7.550000     0.0000000000e+00     0.0000000000e+00     5.5013024945e-02
    7.600000     0.0000000000e+00     0.0000000000e+00     4.0688952829e-02
    7.650000     0.0000000000e+00    -0.0000000000e+00     2.6006447008e-02
    7.700000     0.0000000000e+00    -0.0000000000e+00     1.9071767888e-02
    7.750000     0.0000000000e+00    -0.0000000000e+00     1.5752681072e-02
    7.800000    -0.0000000000e+00    -0.0000000000e+00     1.4000468617e-02
    7.850000    -0.0000000000e+00    -0.0000000000e+00     1.3951182231e-02
    7.900000    -0.0000000000e+00    -0.0000000000e+00     1.3926988035e-02
    7.950000     0.0000000000e+00    -0.0000000000e+00     1.4731137375e-02
    8.000000     0.0000000000e+00    -0.0000000000e+00     1.4620163759e-02
    8.050000     0.0000000000e+00    -0.0000000000e+00     1.4589343848e-02
    8.100000     0.0000000000e+00    -0.0000000000e+00     1.4143979618e-02
    8.150000     0.0000000000e+00     0.0000000000e+00     1.5431765502e-02
    8.200000     0.0000000000e+00     0.0000000000e+00     1.7623143586e-02
    8.250000     0.0000000000e+00    -0.0000000000e+00     2.1379354661e-02
    8.300000     0.0000000000e+00    -0.0000000000e+00     2.2575700885e-02
    8.350000     0.0000000000e+00    -0.0000000000e+00     1.9610220643e-02
    8.400000     0.0000000000e+00     0.0000000000e+00     1.8328498457e-02
    8.450000     0.0000000000e+00     0.0000000000e+00     2.1662524896e-02
    8.500000     0.0000000000e+00     0.0000000000e+00     2.7060818017e-02
    8.550000     0.0000000000e+00     0.0000000000e+00     2.6449714269e-02
    8.600000     0.0000000000e+00     0.0000000000e+00     1.9777974616e-02
    8.650000     0.0000000000e+00     0.0000000000e+00     1.2171035629e-02
    8.700000     0.0000000000e+00    -0.0000000000e+00     1.3678565444e-02
    8.750000    -0.0000000000e+00     0.0000000000e+00     2.2442734472e-02
    8.800000    -0.0000000000e+00     0.0000000000e+00     2.8365074009e-02
    8.850000    -0.0000000000e+00     0.0000000000e+00     2.5846791391e-02
    8.900000    -0.0000000000e+00     0.0000000000e+00     2.0850416673e-02
    8.950000    -0.0000000000e+00     0.0000000000e+00     1.6787699956e-02
    9.000000     0.0000000000e+00    -0.0000000000e+00     1.1960486378e-02
    9.050000     0.0000000000e+00    -0.0000000000e+00     9.6916006773e-03
    9.100000     0.0000000000e+00    -0.0000000000e+00     1.1355189547e-02
    9.150000     0.0000000000e+00     0.0000000000e+00     1.4708292186e-02
    9.200000     0.0000000000e+00     0.0000000000e+00     1.4612494904e-02
    9.250000     0.0000000000e+00     0.0000000000e+00     1.3449178754e-02
    9.300000     0.0000000000e+00    -0.0000000000e+00     1.1535968859e-02
    9.350000     0.0000000000e+00    -0.0000000000e+00     1.1692189530e-02
    9.400000     0.0000000000e+00    -0.0000000000e+00     1.4450911067e-02
    9.450000     0.0000000000e+00    -0.0000000000e+00     1.9269961432e-02
    9.500000     0.0000000000e+00    -0.0000000000e+00     2.3361516231e-02
    9.550000     0.0000000000e+00    -0.0000000000e+00     2.4047665300e-02
    9.600000     0.0000000000e+00     0.0000000000e+00     2.0589030931e-02
    9.650000     0.0000000000e+00     0.0000000000e+00     1.4785106537e-02
    9.700000    -0.0000000000e+00     0.0000000000e+00     1.1394545292e-02
    9.750000    -0.0000000000e+00     0.0000000000e+00     8.5810958869e-03
    9.800000     0.0000000000e+00     0.0000000000e+00     7.7846733460e-03
    9.850000    -0.0000000000e+00    -0.0000000000e+00     9.3384487907e-03
    9.900000    -0.0000000000e+00    -0.0000000000e+00     1.4723592955e-02
    9.950000    -0.0000000000e+00    -0.0000000000e+00     1.7886761922e-02
   10.000000    -0.0000000000e+00    -0.0000000000e+00     1.5458309530e-02
   10.050000     0.0000000000e+00    -0.0000000000e+00     1.3113462593e-02
   10.100000     0.0000000000e+00    -0.0000000000e+00     1.3138340862e-02
   10.150000     0.0000000000e+00     0.0000000000e+00     1.2363066814e-02
   10.200000     0.0000000000e+00     0.0000000000e+00     1.2503236342e-02
   10.250000     0.0000000000e+00     0.0000000000e+00     1.8117866670e-02
   10.300000     0.0000000000e+00     0.0000000000e+00     2.1500144863e-02
   10.350000     0.0000000000e+00    -0.0000000000e+00     1.9138999474e-02
   10.400000    -0.0000000000e+00    -0.0000000000e+00     1.4177042934e-02
   10.450000    -0.0000000000e+00     0.0000000000e+00     1.1009501512e-02
   10.500000     0.0000000000e+00     0.0000000000e+00     7.7611928464e-03
   10.550000     0.0000000000e+00     0.0000000000e+00     5.9316252140e-03
   10.600000     0.0000000000e+00     0.0000000000e+00     7.3482298398e-03
   10.650000     0.0000000000e+00    -0.0000000000e+00     1.1544007228e-02
   10.700000     0.0000000000e+00     0.0000000000e+00     1.4529929245e-02
   10.750000     0.0000000000e+00     0.0000000000e+00     1.2128315380e-02
   10.800000     0.0000000000e+00     0.0000000000e+00     8.8028777304e-03
   10.850000     0.0000000000e+00     0.0000000000e+00     6.8511896213e-03
   10.900000    -0.0000000000e+00     0.0000000000e+00     6.7597562237e-03
   10.950000    -0.0000000000e+00     0.0000000000e+00     7.0798235309e-03
   11.000000    -0.0000000000e+00     0.0000000000e+00     9.0833628573e-03
   11.050000     0.0000000000e+00    -0.0000000000e+00     9.8135875360e-03
   11.100000    -0.0000000000e+00    -0.0000000000e+00     1.0594304213e-02
   11.150000    -0.0000000000e+00    -0.0000000000e+00     1.3182988816e-02
   11.200000    -0.0000000000e+00    -0.0000000000e+00     1.6503948066e-02
   11.250000     0.0000000000e+00    -0.0000000000e+00     1.7761439926e-02
   11.300000    -0.0000000000e+00    -0.0000000000e+00     1.5881140841e-02
   11.350000    -0.0000000000e+00     0.0000000000e+00     1.5576850396e-02
   11.400000    -0.0000000000e+00     0.0000000000e+00     1.7261812053e-02
   11.450000    -0.0000000000e+00     0.0000000000e+00     1.8490966500e-02
   11.500000     0.0000000000e+00     0.0000000000e+00     1.7566184212e-02
   11.550000     0.0000000000e+00     0.0000000000e+00     1.9635142392e-02
   11.600000     0.0000000000e+00     0.0000000000e+00     2.2397619523e-02
   11.650000     0.0000000000e+00     0.0000000000e+00     2.4098007320e-02
   11.700000     0.0000000000e+00     0.0000000000e+00     2.4894037456e-02
   11.750000    -0.0000000000e+00     0.0000000000e+00     2.4416635464e-02
   11.800000    -0.0000000000e+00     0.0000000000e+00     2.1549888028e-02
   11.850000    -0.0000000000e+00     0.0000000000e+00     1.7918611877e-02
   11.900000    -0.0000000000e+00    -0.0000000000e+00     1.7577696103e-02
   11.950000     0.0000000000e+00    -0.0000000000e+00     1.8992826726e-02
   12.000000     0.0000000000e+00     0.0000000000e+00     2.2142506123e-02
   12.050000    -0.0000000000e+00     0.0000000000e+00     2.5203134044e-02
   12.100000    -0.0000000000e+00     0.0000000000e+00     2.6971073247e-02
   12.150000    -0.0000000000e+00     0.0000000000e+00     2.4974748590e-02
   12.200000    -0.0000000000e+00     0.0000000000e+00     2.2623260458e-02
   12.250000     0.0000000000e+00     0.0000000000e+00     2.0533461320e-02
   12.300000     0.0000000000e+00    -0.0000000000e+00     1.8416173149e-02
   12.350000    -0.0000000000e+00    -0.0000000000e+00     1.6177316849e-02
   12.400000     0.0000000000e+00     0.0000000000e+00     1.4723082624e-02
   12.450000     0.0000000000e+00     0.0000000000e+00     1.3973460716e-02
   12.500000     0.0000000000e+00     0.0000000000e+00     1.1901437706e-02
   12.550000     0.0000000000e+00     0.0000000000e+00     1.1343034656e-02
   12.600000     0.0000000000e+00    -0.0000000000e+00     1.0465570569e-02
   12.650000     0.0000000000e+00    -0.0000000000e+00     8.2913554004e-03
   12.700000     0.0000000000e+00    -0.0000000000e+00     4.7418875359e-03
   12.750000     0.0000000000e+00    -0.0000000000e+00     4.6454460387e-03
   12.800000     0.0000000000e+00    -0.0000000000e+00     6.9682123114e-03
   12.850000     0.0000000000e+00    -0.0000000000e+00     8.0639359292e-03
   12.900000     0.0000000000e+00    -0.0000000000e+00     9.2129214777e-03
   12.950000     0.0000000000e+00    -0.0000000000e+00     1.2818201906e-02
   13.000000     0.0000000000e+00    -0.0000000000e+00     1.5300996212e-02
   13.050000     0.0000000000e+00    -0.0000000000e+00     1.3564468648e-02
   13.100000     0.0000000000e+00    -0.0000000000e+00     1.1648700702e-02
   13.150000     0.0000000000e+00    -0.0000000000e+00     1.1312704807e-02
   13.200000     0.0000000000e+00     0.0000000000e+00     1.4658092031e-02
   13.250000     0.0000000000e+00     0.0000000000e+00     1.7186774031e-02
   13.300000     0.0000000000e+00    -0.0000000000e+00     1.6826776243e-02
   13.350000    -0.0000000000e+00    -0.0000000000e+00     1.4067624968e-02
   13.400000     0.0000000000e+00    -0.0000000000e+00     1.4868062730e-02
   13.450000     0.0000000000e+00     0.0000000000e+00     1.9339413964e-02
   13.500000    -0.0000000000e+00     0.0000000000e+00     2.0767361366e-02
   13.550000    -0.0000000000e+00     0.0000000000e+00     1.7851902449e-02
   13.600000    -0.0000000000e+00     0.0000000000e+00     1.4628875291e-02
   13.650000    -0.0000000000e+00    -0.0000000000e+00     1.4353573068e-02
   13.700000    -0.0000000000e+00    -0.0000000000e+00     1.3727562212e-02
   13.750000    -0.0000000000e+00    -0.0000000000e+00     1.3562686253e-02
   13.800000    -0.0000000000e+00    -0.0000000000e+00     1.4681415097e-02
   13.850000     0.0000000000e+00    -0.0000000000e+00     1.7706797539e-02
   13.900000     0.0000000000e+00    -0.0000000000e+00     1.7409350320e-02
   13.950000     0.0000000000e+00    -0.0000000000e+00     1.2710422183e-02
   14.000000     0.0000000000e+00     0.0000000000e+00     7.2787117139e-03
   14.050000     0.0000000000e+00     0.0000000000e+00     5.5451202398e-03
   14.100000     0.0000000000e+00     0.0000000000e+00     7.3999703877e-03
   14.150000     0.0000000000e+00     0.0000000000e+00     1.0292573689e-02
   14.200000    -0.0000000000e+00     0.0000000000e+00     1.6304365188e-02
   14.250000    -0.0000000000e+00     0.0000000000e+00     2.4034297796e-02
   14.300000    -0.0000000000e+00     0.0000000000e+00     3.1919652817e-02
   14.350000    -0.0000000000e+00     0.0000000000e+00     3.4960172148e-02
   14.400000    -0.0000000000e+00     0.0000000000e+00     3.2508835517e-02
   14.450000    -0.0000000000e+00     0.0000000000e+00     2.8531286508e-02
   14.500000    -0.0000000000e+00     0.0000000000e+00     2.6423239635e-02
   14.550000    -0.0000000000e+00     0.0000000000e+00     2.2732111748e-02
   14.600000    -0.0000000000e+00     0.0000000000e+00     1.8269597994e-02
   14.650000    -0.0000000000e+00    -0.0000000000e+00     1.6816371079e-02
   14.700000    -0.0000000000e+00    -0.0000000000e+00     1.9052217586e-02
   14.750000     0.0000000000e+00    -0.0000000000e+00     2.2333571717e-02
   14.800000     0.0000000000e+00    -0.0000000000e+00     2.1493545397e-02
   14.850000     0.0000000000e+00    -0.0000000000e+00     1.7455158323e-02
   14.900000    -0.0000000000e+00    -0.0000000000e+00     1.1944477591e-02
   14.950000     0.0000000000e+00    -0.0000000000e+00     1.0126444329e-02
   15.000000     0.0000000000e+00    -0.0000000000e+00     9.7141537409e-03
   15.050000     0.0000000000e+00    -0.0000000000e+00     8.0479322482e-03
   15.100000     0.0000000000e+00    -0.0000000000e+00     7.1190797612e-03
   15.150000     0.0000000000e+00    -0.0000000000e+00     1.0115409030e-02
   15.200000     0.0000000000e+00    -0.0000000000e+00     1.5122613304e-02
   15.250000     0.0000000000e+00    -0.0000000000e+00     2.1287582197e-02
   15.300000     0.0000000000e+00     0.0000000000e+00     2.6226615330e-02
   15.350000     0.0000000000e+00     0.0000000000e+00     2.4418495146e-02
   15.400000     0.0000000000e+00     0.0000000000e+00     2.1425242939e-02
   15.450000    -0.0000000000e+00     0.0000000000e+00     2.0998541421e-02
   15.500000    -0.0000000000e+00     0.0000000000e+00     2.0835514373e-02
   15.550000    -0.0000000000e+00     0.0000000000e+00     1.6708626707e-02
   15.600000     0.0000000000e+00     0.0000000000e+00     1.2625671945e-02
   15.650000     0.0000000000e+00    -0.0000000000e+00     1.0365768006e-02
   15.700000     0.0000000000e+00    -0.0000000000e+00     1.0756555751e-02
   15.750000    -0.0000000000e+00    -0.0000000000e+00     1.3301560837e-02
   15.800000    -0.0000000000e+00    -0.0000000000e+00     1.7275488056e-02
   15.850000    -0.0000000000e+00     0.0000000000e+00     2.0439853409e-02
   15.900000    -0.0000000000e+00     0.0000000000e+00     1.8390101087e-02
   15.950000     0.0000000000e+00     0.0000000000e+00     1.5122969945e-02
   16.000000     0.0000000000e+00    -0.0000000000e+00     1.2881326830e-02
   16.050000     0.0000000000e+00    -0.0000000000e+00     1.1473183856e-02
   16.100000     0.0000000000e+00    -0.0000000000e+00     8.4484427651e-03
   16.150000     0.0000000000e+00    -0.0000000000e+00     6.6769716580e-03
   16.200000     0.0000000000e+00    -0.0000000000e+00     6.9756661972e-03
   16.250000     0.0000000000e+00     0.0000000000e+00     9.8077917027e-03
   16.300000    -0.0000000000e+00     0.0000000000e+00     1.3782934287e-02
   16.350000     0.0000000000e+00     0.0000000000e+00     1.5622385073e-02
   16.400000    -0.0000000000e+00     0.0000000000e+00     1.5331716501e-02
   16.450000    -0.0000000000e+00     0.0000000000e+00     1.6476453371e-02
   16.500000     0.0000000000e+00     0.0000000000e+00     2.2799401305e-02
   16.550000     0.0000000000e+00     0.0000000000e+00     2.9565475020e-02
   16.600000     0.0000000000e+00     0.0000000000e+00     3.2018153449e-02
   16.650000     0.0000000000e+00     0.0000000000e+00     2.7301055040e-02
   16.700000     0.0000000000e+00     0.0000000000e+00     2.3017761389e-02
   16.750000     0.0000000000e+00    -0.0000000000e+00     2.2687132275e-02
   16.800000     0.0000000000e+00    -0.0000000000e+00     2.2062602661e-02
   16.850000     0.0000000000e+00    -0.0000000000e+00     1.8571320080e-02
   16.900000    -0.0000000000e+00    -0.0000000000e+00     1.4829791725e-02
   16.950000    -0.0000000000e+00    -0.0000000000e+00     1.4143819842e-02
   17.000000    -0.0000000000e+00     0.0000000000e+00     1.8539579860e-02
   17.050000    -0.0000000000e+00     0.0000000000e+00     2.7654157817e-02
   17.100000    -0.0000000000e+00     0.0000000000e+00     3.3763345229e-02
   17.150000    -0.0000000000e+00     0.0000000000e+00     3.3573000468e-02
   17.200000    -0.0000000000e+00     0.0000000000e+00     2.7731186910e-02
   17.250000    -0.0000000000e+00     0.0000000000e+00     2.1782497182e-02
   17.300000    -0.0000000000e+00     0.0000000000e+00     1.8549192421e-02
   17.350000    -0.0000000000e+00     0.0000000000e+00     1.8239320645e-02
   17.400000    -0.0000000000e+00     0.0000000000e+00     1.7484086228e-02
   17.450000    -0.0000000000e+00    -0.0000000000e+00     1.5816319695e-02
   17.500000     0.0000000000e+00    -0.0000000000e+00     1.4205182552e-02
   17.550000    -0.0000000000e+00    -0.0000000000e+00     1.3713315331e-02
   17.600000    -0.0000000000e+00    -0.0000000000e+00     1.6764783130e-02
   17.650000    -0.0000000000e+00     0.0000000000e+00     1.9885989098e-02
   17.700000    -0.0000000000e+00     0.0000000000e+00     2.0127832897e-02
   17.750000     0.0000000000e+00     0.0000000000e+00     1.5669606037e-02
   17.800000     0.0000000000e+00    -0.0000000000e+00     1.1340229032e-02
   17.850000     0.0000000000e+00    -0.0000000000e+00     9.2966617187e-03
   17.900000     0.0000000000e+00     0.0000000000e+00     1.0410120960e-02
   17.950000     0.0000000000e+00     0.0000000000e+00     1.2472284235e-02
   18.000000     0.0000000000e+00    -0.0000000000e+00     1.6425275154e-02
   18.050000     0.0000000000e+00    -0.0000000000e+00     2.0539270805e-02
   18.100000    -0.0000000000e+00    -0.0000000000e+00     1.9544735855e-02
   18.150000    -0.0000000000e+00     0.0000000000e+00     1.7462202715e-02
   18.200000    -0.0000000000e+00     0.0000000000e+00     1.8343123054e-02
   18.250000     0.0000000000e+00     0.0000000000e+00     2.0419797790e-02
   18.300000     0.0000000000e+00     0.0000000000e+00     1.8045862449e-02
   18.350000     0.0000000000e+00     0.0000000000e+00     1.3293963850e-02
   18.400000    -0.0000000000e+00     0.0000000000e+00     9.1870608311e-03
   18.450000    -0.0000000000e+00     0.0000000000e+00     8.6764094530e-03
   18.500000    -0.0000000000e+00     0.0000000000e+00     9.8037883000e-03
   18.550000    -0.0000000000e+00     0.0000000000e+00     1.1771377053e-02
   18.600000    -0.0000000000e+00     0.0000000000e+00     1.4166894586e-02
   18.650000    -0.0000000000e+00     0.0000000000e+00     1.6744485229e-02
   18.700000    -0.0000000000e+00     0.0000000000e+00     1.9864368389e-02
   18.750000    -0.0000000000e+00     0.0000000000e+00     2.2058451261e-02
   18.800000    -0.0000000000e+00     0.0000000000e+00     2.2105268479e-02
   18.850000     0.0000000000e+00     0.0000000000e+00     1.8214565003e-02
   18.900000     0.0000000000e+00     0.0000000000e+00     1.6324158746e-02
   18.950000     0.0000000000e+00     0.0000000000e+00     1.6696877295e-02
   19.000000     0.0000000000e+00    -0.0000000000e+00     1.8158880194e-02
   19.050000     0.0000000000e+00    -0.0000000000e+00     1.8914016305e-02
   19.100000     0.0000000000e+00    -0.0000000000e+00     2.0472830248e-02
   19.150000     0.0000000000e+00     0.0000000000e+00     2.4086045822e-02
   19.200000     0.0000000000e+00     0.0000000000e+00     2.8249204652e-02
   19.250000     0.0000000000e+00     0.0000000000e+00     2.8711244509e-02
   19.300000     0.0000000000e+00     0.0000000000e+00     2.3527602701e-02
   19.350000    -0.0000000000e+00     0.0000000000e+00     1.9106342323e-02
   19.400000    -0.0000000000e+00     0.0000000000e+00     1.7020715394e-02
   19.450000    -0.0000000000e+00     0.0000000000e+00     1.6193561735e-02
   19.500000    -0.0000000000e+00     0.0000000000e+00     1.4807746938e-02
   19.550000    -0.0000000000e+00     0.0000000000e+00     1.5557089155e-02
   19.600000    -0.0000000000e+00     0.0000000000e+00     1.6118903304e-02
   19.650000     0.0000000000e+00    -0.0000000000e+00     1.5028489014e-02
   19.700000     0.0000000000e+00    -0.0000000000e+00     1.2916627117e-02
   19.750000     0.0000000000e+00    -0.0000000000e+00     1.2912073240e-02
   19.800000     0.0000000000e+00    -0.0000000000e+00     1.6029113633e-02
   19.850000     0.0000000000e+00    -0.0000000000e+00     1.9222291669e-02
   19.900000     0.0000000000e+00    -0.0000000000e+00     2.2126912017e-02
   19.950000     0.0000000000e+00     0.0000000000e+00     2.2362429549e-02
   20.000000    -0.0000000000e+00    -0.0000000000e+00     2.0486113508e-02
   20.050000    -0.0000000000e+00     0.0000000000e+00     1.7594268371e-02
   20.100000    -0.0000000000e+00     0.0000000000e+00     1.8105233523e-02
   20.150000    -0.0000000000e+00     0.0000000000e+00     2.1138628493e-02
   20.200000    -0.0000000000e+00     0.0000000000e+00     2.5072929697e-02
   20.250000    -0.0000000000e+00     0.0000000000e+00     2.7021774385e-02
   20.300000    -0.0000000000e+00     0.0000000000e+00     2.5162155770e-02
   20.350000    -0.0000000000e+00     0.0000000000e+00     2.0696504496e-02
   20.400000    -0.0000000000e+00    -0.0000000000e+00     1.7099400084e-02
   20.450000    -0.0000000000e+00    -0.0000000000e+00     1.6635431782e-02
   20.500000    -0.0000000000e+00    -0.0000000000e+00     1.5767823487e-02
   20.550000    -0.0000000000e+00    -0.0000000000e+00     1.4220244300e-02
   20.600000    -0.0000000000e+00    -0.0000000000e+00     1.2170389498e-02
   20.650000     0.0000000000e+00    -0.0000000000e+00     1.2631652113e-02
   20.700000     0.0000000000e+00    -0.0000000000e+00     1.3717814022e-02
   20.750000     0.0000000000e+00    -0.0000000000e+00     1.5586532986e-02
   20.800000     0.0000000000e+00     0.0000000000e+00     1.7745880011e-02
   20.850000     0.0000000000e+00     0.0000000000e+00     1.9222899454e-02
   20.900000     0.0000000000e+00     0.0000000000e+00     1.8759262302e-02
   20.950000     0.0000000000e+00     0.0000000000e+00     1.7691046736e-02
   21.000000     0.0000000000e+00    -0.0000000000e+00     1.9171921174e-02
   21.050000     0.0000000000e+00    -0.0000000000e+00     2.1686925003e-02
   21.100000     0.0000000000e+00    -0.0000000000e+00     2.2914048993e-02
   21.150000     0.0000000000e+00    -0.0000000000e+00     1.9446603779e-02
   21.200000    -0.0000000000e+00    -0.0000000000e+00     1.5190277158e-02
   21.250000    -0.0000000000e+00     0.0000000000e+00     1.1199839076e-02
   21.300000    -0.0000000000e+00     0.0000000000e+00     9.2892974219e-03
   21.350000    -0.0000000000e+00     0.0000000000e+00     9.4767099877e-03
   21.400000    -0.0000000000e+00     0.0000000000e+00     1.2236194962e-02
   21.450000    -0.0000000000e+00     0.0000000000e+00     1.6677035960e-02
   21.500000     0.0000000000e+00     0.0000000000e+00     2.0478478591e-02
   21.550000     0.0000000000e+00     0.0000000000e+00     2.2562682848e-02
   21.600000     0.0000000000e+00     0.0000000000e+00     2.0968601723e-02
   21.650000     0.0000000000e+00     0.0000000000e+00     1.8192170302e-02
   21.700000     0.0000000000e+00     0.0000000000e+00     1.6242759892e-02
   21.750000     0.0000000000e+00    -0.0000000000e+00     1.7279962959e-02
   21.800000     0.0000000000e+00    -0.0000000000e+00     1.7602238525e-02
   21.850000     0.0000000000e+00    -0.0000000000e+00     1.6180402643e-02
   21.900000     0.0000000000e+00    -0.0000000000e+00     1.3335668082e-02
   21.950000     0.0000000000e+00     0.0000000000e+00     1.1528366220e-02
   22.000000     0.0000000000e+00     0.0000000000e+00     1.1256038556e-02
   22.050000    -0.0000000000e+00     0.0000000000e+00     1.2510948215e-02
   22.100000    -0.0000000000e+00     0.0000000000e+00     1.4737970698e-02
   22.150000    -0.0000000000e+00     0.0000000000e+00     1.5454089777e-02
   22.200000    -0.0000000000e+00     0.0000000000e+00     1.5513712068e-02
   22.250000     0.0000000000e+00     0.0000000000e+00     1.4419553452e-02
   22.300000    -0.0000000000e+00     0.0000000000e+00     1.4262084265e-02
   22.350000    -0.0000000000e+00     0.0000000000e+00     1.3776160010e-02
   22.400000     0.0000000000e+00     0.0000000000e+00     1.4250036064e-02
   22.450000     0.0000000000e+00     0.0000000000e+00     1.3358343338e-02
   22.500000     0.0000000000e+00     0.0000000000e+00     1.0902705055e-02
   22.550000     0.0000000000e+00    -0.0000000000e+00     9.7508698925e-03
   22.600000     0.0000000000e+00     0.0000000000e+00     1.1025256372e-02
   22.650000     0.0000000000e+00     0.0000000000e+00     1.2692684535e-02
   22.700000     0.0000000000e+00    -0.0000000000e+00     1.3637293179e-02
   22.750000     0.0000000000e+00    -0.0000000000e+00     1.5822038102e-02
   22.800000     0.0000000000e+00    -0.0000000000e+00     1.6619689196e-02
   22.850000     0.0000000000e+00    -0.0000000000e+00     1.5896292961e-02
   22.900000    -0.0000000000e+00    -0.0000000000e+00     1.3945179200e-02
   22.950000    -0.0000000000e+00    -0.0000000000e+00     1.4151970639e-02
   23.000000    -0.0000000000e+00    -0.0000000000e+00     1.4247069744e-02
   23.050000    -0.0000000000e+00    -0.0000000000e+00     1.3336524627e-02
   23.100000    -0.0000000000e+00    -0.0000000000e+00     1.2493445210e-02
   23.150000    -0.0000000000e+00     0.0000000000e+00     1.2181367383e-02
   23.200000    -0.0000000000e+00     0.0000000000e+00     1.1863449901e-02
   23.250000    -0.0000000000e+00     0.0000000000e+00     1.2128631362e-02
   23.300000    -0.0000000000e+00     0.0000000000e+00     1.6371957398e-02
   23.350000    -0.0000000000e+00     0.0000000000e+00     2.2628915831e-02
   23.400000    -0.0000000000e+00     0.0000000000e+00     2.6052402290e-02
   23.450000    -0.0000000000e+00    -0.0000000000e+00     2.2754032207e-02
   23.500000    -0.0000000000e+00    -0.0000000000e+00     1.8684482099e-02
   23.550000     0.0000000000e+00     0.0000000000e+00     1.6436961082e-02
   23.600000     0.0000000000e+00     0.0000000000e+00     1.6403778868e-02
   23.650000     0.0000000000e+00     0.0000000000e+00     1.5789380850e-02
   23.700000     0.0000000000e+00     0.0000000000e+00     1.4158211258e-02
   23.750000     0.0000000000e+00     0.0000000000e+00     1.2616867829e-02
   23.800000     0.0000000000e+00     0.0000000000e+00     1.1321467638e-02
   23.850000     0.0000000000e+00    -0.0000000000e+00     1.1217293399e-02
   23.900000    -0.0000000000e+00    -0.0000000000e+00     1.0629253302e-02
   23.950000    -0.0000000000e+00     0.0000000000e+00     1.0162278226e-02
   24.000000     0.0000000000e+00    -0.0000000000e+00     8.9218816536e-03
   24.050000     0.0000000000e+00    -0.0000000000e+00     9.0478729719e-03
   24.100000     0.0000000000e+00     0.0000000000e+00     1.0278115813e-02
   24.150000     0.0000000000e+00     0.0000000000e+00     1.4303506093e-02
   24.200000     0.0000000000e+00     0.0000000000e+00     1.7436667651e-02
   24.250000     0.0000000000e+00    -0.0000000000e+00     1.5497919877e-02
   24.300000     0.0000000000e+00    -0.0000000000e+00     1.0798578231e-02
   24.350000     0.0000000000e+00    -0.0000000000e+00     8.3685391904e-03
   24.400000     0.0000000000e+00    -0.0000000000e+00     9.3682615754e-03
   24.450000    -0.0000000000e+00    -0.0000000000e+00     1.0904384051e-02
   24.500000    -0.0000000000e+00    -0.0000000000e+00     1.1590150056e-02
   24.550000    -0.0000000000e+00    -0.0000000000e+00     9.0251885939e-03
   24.600000    -0.0000000000e+00     0.0000000000e+00     7.2615019858e-03
   24.650000    -0.0000000000e+00     0.0000000000e+00     6.5949197144e-03
   24.700000     0.0000000000e+00     0.0000000000e+00     8.0454264819e-03
   24.750000     0.0000000000e+00     0.0000000000e+00     1.1172095321e-02
   24.800000     0.0000000000e+00     0.0000000000e+00     1.4744669807e-02
   24.850000     0.0000000000e+00     0.0000000000e+00     1.5618872603e-02
   24.900000     0.0000000000e+00     0.0000000000e+00     1.3472350735e-02
   24.950000     0.0000000000e+00    -0.0000000000e+00     1.1197934573e-02
   25.000000     0.0000000000e+00    -0.0000000000e+00     9.1404355816e-03
   25.050000     0.0000000000e+00    -0.0000000000e+00     9.2559190175e-03
   25.100000     0.0000000000e+00    -0.0000000000e+00     1.0960575455e-02
   25.150000     0.0000000000e+00    -0.0000000000e+00     1.3689657281e-02
   25.200000     0.0000000000e+00    -0.0000000000e+00     1.4418363688e-02
   25.250000     0.0000000000e+00     0.0000000000e+00     1.4408439124e-02
   25.300000    -0.0000000000e+00     0.0000000000e+00     1.2326191027e-02
   25.350000    -0.0000000000e+00     0.0000000000e+00     9.8898432430e-03
   25.400000    -0.0000000000e+00     0.0000000000e+00     8.4585104005e-03
   25.450000     0.0000000000e+00    -0.0000000000e+00     7.6852269119e-03
   25.500000     0.0000000000e+00    -0.0000000000e+00     7.5417048542e-03
   25.550000     0.0000000000e+00    -0.0000000000e+00     7.6724862588e-03
   25.600000     0.0000000000e+00    -0.0000000000e+00     8.6229915160e-03
   25.650000     0.0000000000e+00    -0.0000000000e+00     8.1811657826e-03
   25.700000     0.0000000000e+00    -0.0000000000e+00     8.4925960615e-03
   25.750000     0.0000000000e+00     0.0000000000e+00     9.6057376129e-03
   25.800000     0.0000000000e+00     0.0000000000e+00     1.1998978766e-02
   25.850000     0.0000000000e+00     0.0000000000e+00     1.1897252783e-02
   25.900000     0.0000000000e+00    -0.0000000000e+00     9.4215987418e-03
   25.950000     0.0000000000e+00    -0.0000000000e+00     6.9562956576e-03
   26.000000    -0.0000000000e+00    -0.0000000000e+00     6.4985201498e-03
   26.050000    -0.0000000000e+00     0.0000000000e+00     7.5748126824e-03
   26.100000    -0.0000000000e+00     0.0000000000e+00     8.0689058594e-03
   26.150000    -0.0000000000e+00     0.0000000000e+00     8.6343746778e-03
   26.200000    -0.0000000000e+00     0.0000000000e+00     8.8755672094e-03
   26.250000    -0.0000000000e+00     0.0000000000e+00     1.0253420383e-02
   26.300000    -0.0000000000e+00    -0.0000000000e+00     1.1026175770e-02
   26.350000    -0.0000000000e+00    -0.0000000000e+00     1.2411060234e-02
   26.400000    -0.0000000000e+00     0.0000000000e+00     1.4344390022e-02
   26.450000    -0.0000000000e+00     0.0000000000e+00     1.7252867417e-02
   26.500000    -0.0000000000e+00     0.0000000000e+00     1.7443814797e-02
   26.550000    -0.0000000000e+00     0.0000000000e+00     1.5157624221e-02
   26.600000    -0.0000000000e+00    -0.0000000000e+00     1.4044910834e-02
   26.650000    -0.0000000000e+00    -0.0000000000e+00     1.4492429207e-02
   26.700000    -0.0000000000e+00    -0.0000000000e+00     1.5279896487e-02
   26.750000     0.0000000000e+00     0.0000000000e+00     1.4546096647e-02
   26.800000     0.0000000000e+00     0.0000000000e+00     1.4039425706e-02
   26.850000     0.0000000000e+00     0.0000000000e+00     1.2241349095e-02
   26.900000     0.0000000000e+00     0.0000000000e+00     1.0018525986e-02
   26.950000     0.0000000000e+00     0.0000000000e+00     7.4859464708e-03
   27.000000    -0.0000000000e+00    -0.0000000000e+00     7.4681535291e-03
   27.050000    -0.0000000000e+00    -0.0000000000e+00     8.2073529052e-03
   27.100000    -0.0000000000e+00    -0.0000000000e+00     7.9078653733e-03
   27.150000     0.0000000000e+00    -0.0000000000e+00     7.0763075655e-03
   27.200000     0.0000000000e+00    -0.0000000000e+00     6.9454210269e-03
   27.250000     0.0000000000e+00    -0.0000000000e+00     8.5912150064e-03
   27.300000     0.0000000000e+00    -0.0000000000e+00     9.6930112035e-03
   27.350000     0.0000000000e+00    -0.0000000000e+00     9.9613571351e-03
   27.400000     0.0000000000e+00    -0.0000000000e+00     8.8043814451e-03
   27.450000    -0.0000000000e+00    -0.0000000000e+00     9.0229984121e-03
   27.500000     0.0000000000e+00     0.0000000000e+00     9.6805351514e-03
   27.550000     0.0000000000e+00     0.0000000000e+00     1.0491860713e-02
   27.600000    -0.0000000000e+00     0.0000000000e+00     9.2089529320e-03
   27.650000    -0.0000000000e+00     0.0000000000e+00     7.6400735431e-03
   27.700000    -0.0000000000e+00    -0.0000000000e+00     7.7703404365e-03
   27.750000     0.0000000000e+00    -0.0000000000e+00     9.3930581987e-03
   27.800000     0.0000000000e+00    -0.0000000000e+00     1.1741324890e-02
   27.850000     0.0000000000e+00     0.0000000000e+00     1.3307106753e-02
   27.900000     0.0000000000e+00     0.0000000000e+00     1.4650323689e-02
   27.950000     0.0000000000e+00     0.0000000000e+00     1.3550552511e-02
   28.000000     0.0000000000e+00     0.0000000000e+00     1.2324617930e-02
   28.050000     0.0000000000e+00    -0.0000000000e+00     1.2101716094e-02
   28.100000     0.0000000000e+00    -0.0000000000e+00     1.4230658063e-02
   28.150000     0.0000000000e+00     0.0000000000e+00     1.4628218648e-02
   28.200000     0.0000000000e+00     0.0000000000e+00     1.3035097940e-02
   28.250000    -0.0000000000e+00     0.0000000000e+00     1.1248206086e-02
   28.300000    -0.0000000000e+00     0.0000000000e+00     9.4661038269e-03
   28.350000    -0.0000000000e+00     0.0000000000e+00     8.3841547547e-03
   28.400000    -0.0000000000e+00    -0.0000000000e+00     8.0273583218e-03
   28.450000     0.0000000000e+00    -0.0000000000e+00     9.0622310532e-03
   28.500000     0.0000000000e+00    -0.0000000000e+00     9.1372683951e-03
   28.550000     0.0000000000e+00     0.0000000000e+00     8.9514818626e-03
   28.600000     0.0000000000e+00     0.0000000000e+00     7.8050461475e-03
   28.650000     0.0000000000e+00    -0.0000000000e+00     7.5428095376e-03
   28.700000     0.0000000000e+00    -0.0000000000e+00     6.8190319892e-03
   28.750000     0.0000000000e+00    -0.0000000000e+00     7.1559663055e-03
   28.800000     0.0000000000e+00    -0.0000000000e+00     8.4047338280e-03
   28.850000     0.0000000000e+00    -0.0000000000e+00     9.3748276638e-03
   28.900000     0.0000000000e+00    -0.0000000000e+00     1.0096307799e-02
   28.950000     0.0000000000e+00    -0.0000000000e+00     1.0181787905e-02
   29.000000     0.0000000000e+00    -0.0000000000e+00     9.9859534538e-03
   29.050000     0.0000000000e+00    -0.0000000000e+00     8.8370948579e-03
   29.100000     0.0000000000e+00     0.0000000000e+00     9.8009896845e-03
   29.150000    -0.0000000000e+00     0.0000000000e+00     1.1557933659e-02
   29.200000    -0.0000000000e+00     0.0000000000e+00     1.2679539196e-02
   29.250000    -0.0000000000e+00     0.0000000000e+00     1.0998664768e-02
   29.300000     0.0000000000e+00     0.0000000000e+00     9.5328988094e-03
   29.350000     0.0000000000e+00     0.0000000000e+00     9.1240876254e-03
   29.400000     0.0000000000e+00     0.0000000000e+00     9.2864039402e-03
   29.450000     0.0000000000e+00     0.0000000000e+00     9.0439636902e-03
   29.500000     0.0000000000e+00     0.0000000000e+00     8.7423256115e-03
   29.550000     0.0000000000e+00     0.0000000000e+00     1.0369992259e-02
   29.600000     0.0000000000e+00    -0.0000000000e+00     1.1850649517e-02
   29.650000     0.0000000000e+00    -0.0000000000e+00     1.3184825688e-02
   29.700000     0.0000000000e+00    -0.0000000000e+00     1.3042681446e-02
   29.750000    -0.0000000000e+00    -0.0000000000e+00     1.2760393360e-02
   29.800000    -0.0000000000e+00    -0.0000000000e+00     1.1188275587e-02
   29.850000    -0.0000000000e+00    -0.0000000000e+00     1.0074962262e-02
   29.900000    -0.0000000000e+00    -0.0000000000e+00     9.3428488909e-03
   29.950000    -0.0000000000e+00    -0.0000000000e+00     9.2499026524e-03
   30.000000    -0.0000000000e+00    -0.0000000000e+00     1.0276322958e-02
