# Photoabsorption spectrum from real-time propagation
# GPAW version: 20.1.0
# Total time = 44.9700 fs, Time steps = [30.0000] as
# Kick = [0, 1e-05, 0]
# Gaussian folding, Width = 0.0600 eV = 0.002205 Hartree <=> FWHM = 0.141289 eV
#    om (eV)                  S_x                  S_y                  S_z
    0.000000     0.0000000000e+00     0.0000000000e+00     0.0000000000e+00
    0.050000    -0.0000000000e+00    -2.0131528346e-04    -0.0000000000e+00
    0.100000    -0.0000000000e+00    -4.4193710131e-04    -0.0000000000e+00
    0.150000    -0.0000000000e+00    -4.4950853825e-04    -0.0000000000e+00
    0.200000    -0.0000000000e+00    -4.3815101864e-04    -0.0000000000e+00
    0.250000    -0.0000000000e+00    -4.2244061351e-04    -0.0000000000e+00
    0.300000    -0.0000000000e+00    -5.1639816045e-04    -0.0000000000e+00
    0.350000    -0.0000000000e+00    -5.0357617764e-04    -0.0000000000e+00
    0.400000    -0.0000000000e+00    -4.8882309053e-04    -0.0000000000e+00
    0.450000    -0.0000000000e+00    -3.7598698940e-04    -0.0000000000e+00
    0.500000    -0.0000000000e+00    -3.9753647697e-04    -0.0000000000e+00
    0.550000    -0.0000000000e+00    -3.8589036440e-04    -0.0000000000e+00
    0.600000    -0.0000000000e+00    -3.7267521666e-04    -0.0000000000e+00
    0.650000    -0.0000000000e+00    -4.2558187332e-04    -0.0000000000e+00
    0.700000    -0.0000000000e+00    -4.1323530252e-04    -0.0000000000e+00
    0.750000    -0.0000000000e+00    -5.1406715427e-04    -0.0000000000e+00
    0.800000    -0.0000000000e+00    -3.7149256200e-04    -0.0000000000e+00
    0.850000    -0.0000000000e+00    -4.5922750152e-04    -0.0000000000e+00
    0.900000    -0.0000000000e+00    -3.4034314269e-04    -0.0000000000e+00
    0.950000    -0.0000000000e+00    -4.7271090827e-04    -0.0000000000e+00
    1.000000    -0.0000000000e+00    -1.9022800819e-04    -0.0000000000e+00
    1.050000    -0.0000000000e+00     1.6149770327e-03    -0.0000000000e+00
    1.100000    -0.0000000000e+00     1.6196149722e-02    -0.0000000000e+00
    1.150000    -0.0000000000e+00     6.9318179898e-02    -0.0000000000e+00
    1.200000    -0.0000000000e+00     1.4672579514e-01    -0.0000000000e+00
    1.250000     0.0000000000e+00     1.5535297406e-01    -0.0000000000e+00
    1.300000     0.0000000000e+00     8.1469473694e-02    -0.0000000000e+00
    1.350000     0.0000000000e+00     1.9148343436e-02    -0.0000000000e+00
    1.400000    -0.0000000000e+00    -2.2530293043e-03    -0.0000000000e+00
    1.450000    -0.0000000000e+00    -2.8272969727e-03    -0.0000000000e+00
    1.500000    -0.0000000000e+00     1.6187770210e-02    -0.0000000000e+00
    1.550000    -0.0000000000e+00     7.3400153243e-02    -0.0000000000e+00
    1.600000    -0.0000000000e+00     1.5651563046e-01    -0.0000000000e+00
    1.650000     0.0000000000e+00     3.2645118948e-01    -0.0000000000e+00
    1.700000     0.0000000000e+00     7.5532515539e-01    -0.0000000000e+00
    1.750000     0.0000000000e+00     1.1882510444e+00    -0.0000000000e+00
    1.800000    -0.0000000000e+00     1.0777794950e+00    -0.0000000000e+00
    1.850000    -0.0000000000e+00     5.6123559294e-01    -0.0000000000e+00
    1.900000    -0.0000000000e+00     1.6684623845e-01    -0.0000000000e+00
    1.950000    -0.0000000000e+00     3.3650518069e-02     0.0000000000e+00
    2.000000    -0.0000000000e+00     4.0988275299e-02     0.0000000000e+00
    2.050000    -0.0000000000e+00     9.8805458829e-02     0.0000000000e+00
    2.100000    -0.0000000000e+00     1.2727757197e-01     0.0000000000e+00
    2.150000    -0.0000000000e+00     8.1171644423e-02     0.0000000000e+00
    2.200000    -0.0000000000e+00     2.6305823330e-02     0.0000000000e+00
    2.250000    -0.0000000000e+00     1.4163928753e-02    -0.0000000000e+00
    2.300000    -0.0000000000e+00     8.6206047155e-02    -0.0000000000e+00
    2.350000    -0.0000000000e+00     3.8558125882e-01    -0.0000000000e+00
    2.400000    -0.0000000000e+00     9.0956204515e-01     0.0000000000e+00
    2.450000    -0.0000000000e+00     1.3068810273e+00     0.0000000000e+00
    2.500000    -0.0000000000e+00     1.7316120996e+00     0.0000000000e+00
    2.550000    -0.0000000000e+00     4.4158574775e+00     0.0000000000e+00
    2.600000     0.0000000000e+00     1.3100106368e+01     0.0000000000e+00
    2.650000     0.0000000000e+00     2.3959911448e+01    -0.0000000000e+00
    2.700000    -0.0000000000e+00     2.6110068532e+01    -0.0000000000e+00
    2.750000    -0.0000000000e+00     1.9883615998e+01    -0.0000000000e+00
    2.800000    -0.0000000000e+00     1.1573342215e+01    -0.0000000000e+00
    2.850000     0.0000000000e+00     4.7290332245e+00    -0.0000000000e+00
    2.900000     0.0000000000e+00     1.7829846173e+00    -0.0000000000e+00
    2.950000     0.0000000000e+00     1.3752963747e+00    -0.0000000000e+00
    3.000000     0.0000000000e+00     1.0543699536e+00    -0.0000000000e+00
    3.050000     0.0000000000e+00     5.4570083068e-01    -0.0000000000e+00
    3.100000     0.0000000000e+00     4.1071671175e-01    -0.0000000000e+00
    3.150000     0.0000000000e+00     4.3772546912e-01    -0.0000000000e+00
    3.200000     0.0000000000e+00     2.9240962728e-01    -0.0000000000e+00
    3.250000    -0.0000000000e+00     1.7021771625e-01     0.0000000000e+00
    3.300000    -0.0000000000e+00     4.3637447426e-01    -0.0000000000e+00
    3.350000    -0.0000000000e+00     1.2197851519e+00    -0.0000000000e+00
    3.400000     0.0000000000e+00     1.7777676972e+00    -0.0000000000e+00
    3.450000     0.0000000000e+00     1.3348209055e+00    -0.0000000000e+00
    3.500000     0.0000000000e+00     6.1927463125e-01    -0.0000000000e+00
    3.550000    -0.0000000000e+00     4.8309689338e-01    -0.0000000000e+00
    3.600000    -0.0000000000e+00     7.7784470698e-01    -0.0000000000e+00
    3.650000    -0.0000000000e+00     9.2067391845e-01    -0.0000000000e+00
    3.700000     0.0000000000e+00     8.9571249562e-01    -0.0000000000e+00
    3.750000     0.0000000000e+00     1.2117708472e+00    -0.0000000000e+00
    3.800000     0.0000000000e+00     1.5239379371e+00     0.0000000000e+00
    3.850000     0.0000000000e+00     1.4754255066e+00     0.0000000000e+00
    3.900000     0.0000000000e+00     1.8399864955e+00     0.0000000000e+00
    3.950000     0.0000000000e+00     2.5759421412e+00    -0.0000000000e+00
    4.000000    -0.0000000000e+00     2.5454246851e+00    -0.0000000000e+00
    4.050000    -0.0000000000e+00     1.7411835504e+00    -0.0000000000e+00
    4.100000     0.0000000000e+00     1.0234605708e+00    -0.0000000000e+00
    4.150000     0.0000000000e+00     6.1556064190e-01    -0.0000000000e+00
    4.200000     0.0000000000e+00     5.0148553406e-01     0.0000000000e+00
    4.250000     0.0000000000e+00     5.9722829763e-01     0.0000000000e+00
    4.300000     0.0000000000e+00     5.3282330700e-01     0.0000000000e+00
    4.350000    -0.0000000000e+00     2.8115024704e-01     0.0000000000e+00
    4.400000    -0.0000000000e+00     1.0809409246e-01     0.0000000000e+00
    4.450000     0.0000000000e+00     1.1367255725e-01     0.0000000000e+00
    4.500000     0.0000000000e+00     3.1226677431e-01     0.0000000000e+00
    4.550000     0.0000000000e+00     6.3652128115e-01     0.0000000000e+00
    4.600000    -0.0000000000e+00     8.3955802751e-01     0.0000000000e+00
    4.650000    -0.0000000000e+00     8.0127042352e-01    -0.0000000000e+00
    4.700000    -0.0000000000e+00     6.1886267567e-01    -0.0000000000e+00
    4.750000     0.0000000000e+00     3.8456173035e-01    -0.0000000000e+00
    4.800000     0.0000000000e+00     2.2096042297e-01    -0.0000000000e+00
    4.850000     0.0000000000e+00     1.9003041978e-01    -0.0000000000e+00
    4.900000     0.0000000000e+00     2.2518801241e-01    -0.0000000000e+00
    4.950000     0.0000000000e+00     2.5731206875e-01    -0.0000000000e+00
    5.000000     0.0000000000e+00     3.0886285617e-01     0.0000000000e+00
    5.050000     0.0000000000e+00     4.7648077613e-01     0.0000000000e+00
    5.100000    -0.0000000000e+00     7.7624806459e-01     0.0000000000e+00
    5.150000    -0.0000000000e+00     9.3234648459e-01    -0.0000000000e+00
    5.200000    -0.0000000000e+00     7.3696006412e-01    -0.0000000000e+00
    5.250000     0.0000000000e+00     4.1159895490e-01    -0.0000000000e+00
    5.300000     0.0000000000e+00     2.1260432200e-01    -0.0000000000e+00
    5.350000    -0.0000000000e+00     1.4751410972e-01    -0.0000000000e+00
    5.400000    -0.0000000000e+00     1.2122626735e-01    -0.0000000000e+00
    5.450000    -0.0000000000e+00     8.4985799892e-02    -0.0000000000e+00
    5.500000    -0.0000000000e+00     6.7989869264e-02    -0.0000000000e+00
    5.550000     0.0000000000e+00     1.0621031465e-01    -0.0000000000e+00
    5.600000    -0.0000000000e+00     1.7727034682e-01     0.0000000000e+00
    5.650000    -0.0000000000e+00     2.3234036031e-01     0.0000000000e+00
    5.700000     0.0000000000e+00     2.1755199703e-01     0.0000000000e+00
    5.750000     0.0000000000e+00     1.4562047423e-01    -0.0000000000e+00
    5.800000     0.0000000000e+00     9.9996444810e-02    -0.0000000000e+00
    5.850000     0.0000000000e+00     1.3098858311e-01    -0.0000000000e+00
    5.900000    -0.0000000000e+00     1.8620993132e-01    -0.0000000000e+00
    5.950000    -0.0000000000e+00     1.6927314811e-01    -0.0000000000e+00
    6.000000     0.0000000000e+00     1.0820107350e-01    -0.0000000000e+00
    6.050000    -0.0000000000e+00     9.5178655623e-02    -0.0000000000e+00
    6.100000     0.0000000000e+00     1.2080913243e-01    -0.0000000000e+00
    6.150000     0.0000000000e+00     1.1771124998e-01     0.0000000000e+00
    6.200000     0.0000000000e+00     1.0870077729e-01    -0.0000000000e+00
    6.250000     0.0000000000e+00     1.5547775358e-01    -0.0000000000e+00
    6.300000     0.0000000000e+00     2.1529275168e-01    -0.0000000000e+00
    6.350000     0.0000000000e+00     1.9780223673e-01    -0.0000000000e+00
    6.400000     0.0000000000e+00     1.3365988207e-01     0.0000000000e+00
    6.450000    -0.0000000000e+00     9.3699852792e-02     0.0000000000e+00
    6.500000    -0.0000000000e+00     6.8424407030e-02     0.0000000000e+00
    6.550000    -0.0000000000e+00     4.5289479846e-02     0.0000000000e+00
    6.600000    -0.0000000000e+00     3.4426259653e-02    -0.0000000000e+00
    6.650000    -0.0000000000e+00     3.2692454840e-02    -0.0000000000e+00
    6.700000    -0.0000000000e+00     3.0439767005e-02    -0.0000000000e+00
    6.750000    -0.0000000000e+00     3.7112402350e-02    -0.0000000000e+00
    6.800000    -0.0000000000e+00     5.2883051464e-02    -0.0000000000e+00
    6.850000    -0.0000000000e+00     6.4741624749e-02    -0.0000000000e+00
    6.900000    -0.0000000000e+00     8.2881292001e-02    -0.0000000000e+00
    6.950000     0.0000000000e+00     1.0633681863e-01     0.0000000000e+00
    7.000000     0.0000000000e+00     1.0438930443e-01     0.0000000000e+00
    7.050000     0.0000000000e+00     8.3715955304e-02    -0.0000000000e+00
    7.100000     0.0000000000e+00     6.7608537184e-02    -0.0000000000e+00
    7.150000    -0.0000000000e+00     5.1781282097e-02    -0.0000000000e+00
    7.200000    -0.0000000000e+00     3.7282069561e-02     0.0000000000e+00
    7.250000    -0.0000000000e+00     2.5675312897e-02     0.0000000000e+00
    7.300000     0.0000000000e+00     1.6016690814e-02     0.0000000000e+00
    7.350000     0.0000000000e+00     1.4225247248e-02     0.0000000000e+00
    7.400000     0.0000000000e+00     1.8631167405e-02     0.0000000000e+00
    7.450000     0.0000000000e+00     2.1680562113e-02     0.0000000000e+00
    7.500000     0.0000000000e+00     2.2924132276e-02     0.0000000000e+00
    7.550000     0.0000000000e+00     2.5982658528e-02     0.0000000000e+00
    7.600000    -0.0000000000e+00     3.0697573959e-02    -0.0000000000e+00
    7.650000     0.0000000000e+00     2.9970443265e-02    -0.0000000000e+00
    7.700000     0.0000000000e+00     2.1882022039e-02     0.0000000000e+00
    7.750000     0.0000000000e+00     1.5003752639e-02     0.0000000000e+00
    7.800000    -0.0000000000e+00     1.2371844312e-02     0.0000000000e+00
    7.850000    -0.0000000000e+00     1.1960092598e-02     0.0000000000e+00
    7.900000    -0.0000000000e+00     1.2921993753e-02     0.0000000000e+00
    7.950000    -0.0000000000e+00     1.8630650858e-02     0.0000000000e+00
    8.000000    -0.0000000000e+00     2.7079516128e-02    -0.0000000000e+00
    8.050000     0.0000000000e+00     3.1262002004e-02    -0.0000000000e+00
    8.100000     0.0000000000e+00     2.9232120303e-02    -0.0000000000e+00
    8.150000     0.0000000000e+00     2.3732517684e-02     0.0000000000e+00
    8.200000     0.0000000000e+00     1.7744516858e-02    -0.0000000000e+00
    8.250000     0.0000000000e+00     1.6701938471e-02    -0.0000000000e+00
    8.300000     0.0000000000e+00     2.3062321185e-02    -0.0000000000e+00
    8.350000     0.0000000000e+00     2.7882411458e-02     0.0000000000e+00
    8.400000     0.0000000000e+00     2.7590304855e-02     0.0000000000e+00
    8.450000     0.0000000000e+00     2.4429813337e-02     0.0000000000e+00
    8.500000     0.0000000000e+00     1.9672726367e-02     0.0000000000e+00
    8.550000     0.0000000000e+00     1.4548230951e-02     0.0000000000e+00
    8.600000     0.0000000000e+00     1.2582481724e-02     0.0000000000e+00
    8.650000     0.0000000000e+00     1.5594554128e-02    -0.0000000000e+00
    8.700000     0.0000000000e+00     1.8614874099e-02    -0.0000000000e+00
    8.750000    -0.0000000000e+00     1.6663605958e-02     0.0000000000e+00
    8.800000    -0.0000000000e+00     1.1402093337e-02     0.0000000000e+00
    8.850000    -0.0000000000e+00     8.9576124980e-03     0.0000000000e+00
    8.900000    -0.0000000000e+00     1.0068898352e-02     0.0000000000e+00
    8.950000    -0.0000000000e+00     1.1548249234e-02     0.0000000000e+00
    9.000000    -0.0000000000e+00     1.1502938531e-02     0.0000000000e+00
    9.050000    -0.0000000000e+00     1.2564938052e-02    -0.0000000000e+00
    9.100000     0.0000000000e+00     1.5777015556e-02     0.0000000000e+00
    9.150000     0.0000000000e+00     1.8150987497e-02     0.0000000000e+00
    9.200000     0.0000000000e+00     1.7717383994e-02     0.0000000000e+00
    9.250000     0.0000000000e+00     1.7006684193e-02     0.0000000000e+00
    9.300000     0.0000000000e+00     1.6150171686e-02    -0.0000000000e+00
    9.350000     0.0000000000e+00     1.2656399246e-02     0.0000000000e+00
    9.400000     0.0000000000e+00     9.4739824261e-03     0.0000000000e+00
    9.450000     0.0000000000e+00     8.7345119046e-03     0.0000000000e+00
    9.500000     0.0000000000e+00     1.0846492235e-02     0.0000000000e+00
    9.550000     0.0000000000e+00     1.3632055241e-02     0.0000000000e+00
    9.600000     0.0000000000e+00     1.4149391871e-02     0.0000000000e+00
    9.650000    -0.0000000000e+00     1.2149204650e-02     0.0000000000e+00
    9.700000    -0.0000000000e+00     1.0357937832e-02     0.0000000000e+00
    9.750000     0.0000000000e+00     9.3503856022e-03    -0.0000000000e+00
    9.800000     0.0000000000e+00     8.4585474814e-03    -0.0000000000e+00
    9.850000     0.0000000000e+00     8.6654322972e-03    -0.0000000000e+00
    9.900000    -0.0000000000e+00     1.1628545463e-02    -0.0000000000e+00
    9.950000    -0.0000000000e+00     1.7188977485e-02    -0.0000000000e+00
   10.000000    -0.0000000000e+00     1.9818356041e-02    -0.0000000000e+00
   10.050000     0.0000000000e+00     1.6938935037e-02    -0.0000000000e+00
   10.100000    -0.0000000000e+00     1.1763286607e-02    -0.0000000000e+00
   10.150000    -0.0000000000e+00     9.2271760570e-03     0.0000000000e+00
   10.200000    -0.0000000000e+00     9.7110858105e-03     0.0000000000e+00
   10.250000    -0.0000000000e+00     9.6051387349e-03     0.0000000000e+00
   10.300000    -0.0000000000e+00     6.8737583937e-03     0.0000000000e+00
   10.350000    -0.0000000000e+00     5.1237963399e-03     0.0000000000e+00
   10.400000    -0.0000000000e+00     7.3335818102e-03     0.0000000000e+00
   10.450000    -0.0000000000e+00     1.0491582655e-02     0.0000000000e+00
   10.500000     0.0000000000e+00     1.1277487699e-02    -0.0000000000e+00
   10.550000     0.0000000000e+00     9.5442878785e-03    -0.0000000000e+00
   10.600000     0.0000000000e+00     8.9701199363e-03    -0.0000000000e+00
   10.650000     0.0000000000e+00     1.0478647352e-02     0.0000000000e+00
   10.700000     0.0000000000e+00     1.1191694794e-02     0.0000000000e+00
   10.750000     0.0000000000e+00     9.7144437582e-03     0.0000000000e+00
   10.800000     0.0000000000e+00     9.5675490179e-03     0.0000000000e+00
   10.850000     0.0000000000e+00     1.0968907655e-02     0.0000000000e+00
   10.900000    -0.0000000000e+00     1.0987619565e-02     0.0000000000e+00
   10.950000    -0.0000000000e+00     1.0503277441e-02    -0.0000000000e+00
   11.000000     0.0000000000e+00     1.1329310896e-02    -0.0000000000e+00
   11.050000     0.0000000000e+00     1.2396038982e-02    -0.0000000000e+00
   11.100000     0.0000000000e+00     1.1109400874e-02    -0.0000000000e+00
   11.150000    -0.0000000000e+00     9.0354433488e-03    -0.0000000000e+00
   11.200000    -0.0000000000e+00     8.4869358275e-03     0.0000000000e+00
   11.250000    -0.0000000000e+00     1.0417354504e-02     0.0000000000e+00
   11.300000    -0.0000000000e+00     1.2657185798e-02     0.0000000000e+00
   11.350000     0.0000000000e+00     1.3037537192e-02     0.0000000000e+00
   11.400000     0.0000000000e+00     1.4498030016e-02     0.0000000000e+00
   11.450000    -0.0000000000e+00     1.9135408140e-02     0.0000000000e+00
   11.500000    -0.0000000000e+00     2.1805099073e-02     0.0000000000e+00
   11.550000     0.0000000000e+00     1.9287905759e-02     0.0000000000e+00
   11.600000     0.0000000000e+00     1.6181097531e-02     0.0000000000e+00
   11.650000     0.0000000000e+00     1.5349883835e-02     0.0000000000e+00
   11.700000     0.0000000000e+00     1.6013608927e-02     0.0000000000e+00
   11.750000    -0.0000000000e+00     1.4861834403e-02     0.0000000000e+00
   11.800000    -0.0000000000e+00     1.1159264355e-02     0.0000000000e+00
   11.850000    -0.0000000000e+00     7.7822496664e-03    -0.0000000000e+00
   11.900000    -0.0000000000e+00     6.8100859882e-03    -0.0000000000e+00
   11.950000     0.0000000000e+00     7.1461133304e-03     0.0000000000e+00
   12.000000     0.0000000000e+00     8.6658140544e-03     0.0000000000e+00
   12.050000     0.0000000000e+00     1.1707864250e-02     0.0000000000e+00
   12.100000    -0.0000000000e+00     1.5093832248e-02     0.0000000000e+00
   12.150000     0.0000000000e+00     1.7388064814e-02     0.0000000000e+00
   12.200000     0.0000000000e+00     1.8594465966e-02     0.0000000000e+00
   12.250000     0.0000000000e+00     1.9723441496e-02     0.0000000000e+00
   12.300000     0.0000000000e+00     1.8771400185e-02     0.0000000000e+00
   12.350000    -0.0000000000e+00     1.6240440474e-02    -0.0000000000e+00
   12.400000    -0.0000000000e+00     1.4332416212e-02    -0.0000000000e+00
   12.450000     0.0000000000e+00     1.3905956363e-02    -0.0000000000e+00
   12.500000     0.0000000000e+00     1.4590339506e-02    -0.0000000000e+00
   12.550000     0.0000000000e+00     1.4671432529e-02    -0.0000000000e+00
   12.600000     0.0000000000e+00     1.2033814264e-02    -0.0000000000e+00
   12.650000     0.0000000000e+00     9.5528697453e-03    -0.0000000000e+00
   12.700000     0.0000000000e+00     1.1159312974e-02    -0.0000000000e+00
   12.750000     0.0000000000e+00     1.4167432554e-02    -0.0000000000e+00
   12.800000     0.0000000000e+00     1.5403031826e-02    -0.0000000000e+00
   12.850000     0.0000000000e+00     1.5417541206e-02    -0.0000000000e+00
   12.900000     0.0000000000e+00     1.4375463334e-02    -0.0000000000e+00
   12.950000     0.0000000000e+00     1.0849174880e-02    -0.0000000000e+00
   13.000000     0.0000000000e+00     8.0053071619e-03    -0.0000000000e+00
   13.050000    -0.0000000000e+00     7.8807714526e-03    -0.0000000000e+00
   13.100000     0.0000000000e+00     9.7258244493e-03    -0.0000000000e+00
   13.150000     0.0000000000e+00     1.3666373862e-02    -0.0000000000e+00
   13.200000     0.0000000000e+00     1.7809561637e-02    -0.0000000000e+00
   13.250000     0.0000000000e+00     1.7772147849e-02    -0.0000000000e+00
   13.300000     0.0000000000e+00     1.3228378320e-02    -0.0000000000e+00
   13.350000    -0.0000000000e+00     7.5790095324e-03    -0.0000000000e+00
   13.400000    -0.0000000000e+00     3.2240922065e-03     0.0000000000e+00
   13.450000    -0.0000000000e+00     3.2742229848e-03     0.0000000000e+00
   13.500000     0.0000000000e+00     7.7385329340e-03     0.0000000000e+00
   13.550000     0.0000000000e+00     1.3263060796e-02     0.0000000000e+00
   13.600000     0.0000000000e+00     1.6365300285e-02     0.0000000000e+00
   13.650000    -0.0000000000e+00     1.8656534256e-02     0.0000000000e+00
   13.700000    -0.0000000000e+00     2.0015636704e-02    -0.0000000000e+00
   13.750000    -0.0000000000e+00     1.8051035631e-02    -0.0000000000e+00
   13.800000    -0.0000000000e+00     1.5071976700e-02    -0.0000000000e+00
   13.850000    -0.0000000000e+00     1.3146459134e-02    -0.0000000000e+00
   13.900000     0.0000000000e+00     1.2858250509e-02    -0.0000000000e+00
   13.950000     0.0000000000e+00     1.3347035774e-02     0.0000000000e+00
   14.000000     0.0000000000e+00     1.3572605277e-02     0.0000000000e+00
   14.050000    -0.0000000000e+00     1.2752700448e-02     0.0000000000e+00
   14.100000     0.0000000000e+00     1.1168836541e-02     0.0000000000e+00
   14.150000     0.0000000000e+00     9.6565711439e-03     0.0000000000e+00
   14.200000     0.0000000000e+00     1.0573438661e-02     0.0000000000e+00
   14.250000     0.0000000000e+00     1.4520421732e-02     0.0000000000e+00
   14.300000     0.0000000000e+00     1.8236546667e-02     0.0000000000e+00
   14.350000     0.0000000000e+00     1.8230806633e-02     0.0000000000e+00
   14.400000    -0.0000000000e+00     1.5990015725e-02     0.0000000000e+00
   14.450000    -0.0000000000e+00     1.4153107353e-02     0.0000000000e+00
   14.500000    -0.0000000000e+00     1.1828866230e-02     0.0000000000e+00
   14.550000    -0.0000000000e+00     1.1238031523e-02     0.0000000000e+00
   14.600000     0.0000000000e+00     1.2639465410e-02     0.0000000000e+00
   14.650000     0.0000000000e+00     1.3883658243e-02    -0.0000000000e+00
   14.700000     0.0000000000e+00     1.5915018290e-02    -0.0000000000e+00
   14.750000     0.0000000000e+00     2.0322057018e-02    -0.0000000000e+00
   14.800000     0.0000000000e+00     2.3772103742e-02    -0.0000000000e+00
   14.850000     0.0000000000e+00     2.0928407902e-02    -0.0000000000e+00
   14.900000     0.0000000000e+00     1.3038216671e-02    -0.0000000000e+00
   14.950000     0.0000000000e+00     7.2653885770e-03    -0.0000000000e+00
   15.000000     0.0000000000e+00     6.9419389946e-03     0.0000000000e+00
   15.050000    -0.0000000000e+00     8.9884358579e-03    -0.0000000000e+00
   15.100000     0.0000000000e+00     1.0161865431e-02    -0.0000000000e+00
   15.150000    -0.0000000000e+00     1.0425887104e-02    -0.0000000000e+00
   15.200000    -0.0000000000e+00     1.1407599389e-02    -0.0000000000e+00
   15.250000    -0.0000000000e+00     1.2108945179e-02    -0.0000000000e+00
   15.300000    -0.0000000000e+00     1.2311122343e-02     0.0000000000e+00
   15.350000     0.0000000000e+00     1.2981937176e-02     0.0000000000e+00
   15.400000     0.0000000000e+00     1.3960894092e-02     0.0000000000e+00
   15.450000     0.0000000000e+00     1.4655389929e-02     0.0000000000e+00
   15.500000     0.0000000000e+00     1.4052389250e-02     0.0000000000e+00
   15.550000     0.0000000000e+00     1.2176412363e-02     0.0000000000e+00
   15.600000    -0.0000000000e+00     1.0004063260e-02     0.0000000000e+00
   15.650000    -0.0000000000e+00     9.8657296903e-03    -0.0000000000e+00
   15.700000    -0.0000000000e+00     1.2442786937e-02    -0.0000000000e+00
   15.750000     0.0000000000e+00     1.5582188460e-02    -0.0000000000e+00
   15.800000     0.0000000000e+00     1.6025249137e-02    -0.0000000000e+00
   15.850000     0.0000000000e+00     1.4331170572e-02     0.0000000000e+00
   15.900000     0.0000000000e+00     1.2395711387e-02     0.0000000000e+00
   15.950000     0.0000000000e+00     1.1235358206e-02     0.0000000000e+00
   16.000000    -0.0000000000e+00     1.2425724376e-02     0.0000000000e+00
   16.050000    -0.0000000000e+00     1.5639657324e-02     0.0000000000e+00
   16.100000    -0.0000000000e+00     1.8351204990e-02    -0.0000000000e+00
   16.150000    -0.0000000000e+00     1.8630453696e-02    -0.0000000000e+00
   16.200000    -0.0000000000e+00     1.6895376565e-02    -0.0000000000e+00
   16.250000     0.0000000000e+00     1.4699630312e-02     0.0000000000e+00
   16.300000     0.0000000000e+00     1.4110977079e-02     0.0000000000e+00
   16.350000     0.0000000000e+00     1.4740566992e-02     0.0000000000e+00
   16.400000    -0.0000000000e+00     1.6226966279e-02     0.0000000000e+00
   16.450000    -0.0000000000e+00     1.8839078245e-02     0.0000000000e+00
   16.500000    -0.0000000000e+00     2.2396654786e-02     0.0000000000e+00
   16.550000    -0.0000000000e+00     2.5005495291e-02     0.0000000000e+00
   16.600000     0.0000000000e+00     2.4728879953e-02     0.0000000000e+00
   16.650000     0.0000000000e+00     2.3426538721e-02     0.0000000000e+00
   16.700000     0.0000000000e+00     2.2226092707e-02    -0.0000000000e+00
   16.750000     0.0000000000e+00     2.0297060093e-02    -0.0000000000e+00
   16.800000     0.0000000000e+00     1.8468428131e-02    -0.0000000000e+00
   16.850000     0.0000000000e+00     1.7925668418e-02    -0.0000000000e+00
   16.900000     0.0000000000e+00     1.5704713333e-02    -0.0000000000e+00
   16.950000     0.0000000000e+00     1.2733856656e-02     0.0000000000e+00
   17.000000     0.0000000000e+00     1.3306977730e-02     0.0000000000e+00
   17.050000     0.0000000000e+00     1.6421039161e-02     0.0000000000e+00
   17.100000    -0.0000000000e+00     1.6707652884e-02     0.0000000000e+00
   17.150000    -0.0000000000e+00     1.3630334225e-02     0.0000000000e+00
   17.200000    -0.0000000000e+00     1.2239537727e-02     0.0000000000e+00
   17.250000    -0.0000000000e+00     1.3854502471e-02     0.0000000000e+00
   17.300000    -0.0000000000e+00     1.5585356038e-02     0.0000000000e+00
   17.350000    -0.0000000000e+00     1.5485968587e-02     0.0000000000e+00
   17.400000    -0.0000000000e+00     1.4388434584e-02    -0.0000000000e+00
   17.450000     0.0000000000e+00     1.3375238878e-02    -0.0000000000e+00
   17.500000     0.0000000000e+00     1.2390399950e-02    -0.0000000000e+00
   17.550000    -0.0000000000e+00     1.0620875895e-02    -0.0000000000e+00
   17.600000    -0.0000000000e+00     1.0069169185e-02    -0.0000000000e+00
   17.650000    -0.0000000000e+00     1.1362574738e-02     0.0000000000e+00
   17.700000    -0.0000000000e+00     1.3118911537e-02     0.0000000000e+00
   17.750000     0.0000000000e+00     1.3899673646e-02     0.0000000000e+00
   17.800000     0.0000000000e+00     1.2388949646e-02    -0.0000000000e+00
   17.850000     0.0000000000e+00     9.8204511262e-03    -0.0000000000e+00
   17.900000     0.0000000000e+00     8.7014357795e-03    -0.0000000000e+00
   17.950000    -0.0000000000e+00     1.0437757508e-02    -0.0000000000e+00
   18.000000    -0.0000000000e+00     1.3628058935e-02    -0.0000000000e+00
   18.050000     0.0000000000e+00     1.6011268419e-02    -0.0000000000e+00
   18.100000     0.0000000000e+00     1.5683126836e-02    -0.0000000000e+00
   18.150000     0.0000000000e+00     1.3461979259e-02     0.0000000000e+00
   18.200000     0.0000000000e+00     1.1453978250e-02     0.0000000000e+00
   18.250000     0.0000000000e+00     9.9617372219e-03     0.0000000000e+00
   18.300000     0.0000000000e+00     7.9351823363e-03     0.0000000000e+00
   18.350000    -0.0000000000e+00     6.8913455494e-03     0.0000000000e+00
   18.400000    -0.0000000000e+00     9.1508983043e-03     0.0000000000e+00
   18.450000    -0.0000000000e+00     1.3047810189e-02     0.0000000000e+00
   18.500000     0.0000000000e+00     1.5646739120e-02     0.0000000000e+00
   18.550000     0.0000000000e+00     1.6092142072e-02     0.0000000000e+00
   18.600000     0.0000000000e+00     1.6210459442e-02     0.0000000000e+00
   18.650000    -0.0000000000e+00     1.6784364106e-02     0.0000000000e+00
   18.700000    -0.0000000000e+00     1.6822162383e-02     0.0000000000e+00
   18.750000    -0.0000000000e+00     1.4990149192e-02     0.0000000000e+00
   18.800000    -0.0000000000e+00     1.2784921749e-02     0.0000000000e+00
   18.850000    -0.0000000000e+00     1.2347065163e-02     0.0000000000e+00
   18.900000    -0.0000000000e+00     1.2220976691e-02     0.0000000000e+00
   18.950000    -0.0000000000e+00     1.0683089110e-02     0.0000000000e+00
   19.000000    -0.0000000000e+00     8.9735343338e-03    -0.0000000000e+00
   19.050000    -0.0000000000e+00     1.0296001030e-02    -0.0000000000e+00
   19.100000    -0.0000000000e+00     1.5131203634e-02    -0.0000000000e+00
   19.150000     0.0000000000e+00     1.9593304080e-02     0.0000000000e+00
   19.200000     0.0000000000e+00     2.0173077449e-02     0.0000000000e+00
   19.250000     0.0000000000e+00     1.7919176458e-02     0.0000000000e+00
   19.300000    -0.0000000000e+00     1.3587661589e-02     0.0000000000e+00
   19.350000    -0.0000000000e+00     9.3815067076e-03     0.0000000000e+00
   19.400000     0.0000000000e+00     8.1594857065e-03     0.0000000000e+00
   19.450000     0.0000000000e+00     9.2892343656e-03     0.0000000000e+00
   19.500000     0.0000000000e+00     1.0482322356e-02     0.0000000000e+00
   19.550000     0.0000000000e+00     1.1041929807e-02     0.0000000000e+00
   19.600000     0.0000000000e+00     1.2127849000e-02     0.0000000000e+00
   19.650000     0.0000000000e+00     1.4390408439e-02     0.0000000000e+00
   19.700000     0.0000000000e+00     1.8019684329e-02    -0.0000000000e+00
   19.750000     0.0000000000e+00     2.1226469314e-02    -0.0000000000e+00
   19.800000     0.0000000000e+00     2.3856432541e-02    -0.0000000000e+00
   19.850000     0.0000000000e+00     2.5022701266e-02    -0.0000000000e+00
   19.900000     0.0000000000e+00     2.3352183064e-02     0.0000000000e+00
   19.950000    -0.0000000000e+00     2.0370024153e-02     0.0000000000e+00
   20.000000    -0.0000000000e+00     1.7171789855e-02    -0.0000000000e+00
   20.050000    -0.0000000000e+00     1.5146571582e-02    -0.0000000000e+00
   20.100000     0.0000000000e+00     1.4957482433e-02     0.0000000000e+00
   20.150000     0.0000000000e+00     1.4971874526e-02     0.0000000000e+00
   20.200000    -0.0000000000e+00     1.4373980049e-02     0.0000000000e+00
   20.250000    -0.0000000000e+00     1.5139521935e-02     0.0000000000e+00
   20.300000    -0.0000000000e+00     1.6772181654e-02     0.0000000000e+00
   20.350000    -0.0000000000e+00     1.8354441692e-02     0.0000000000e+00
   20.400000     0.0000000000e+00     1.9257275109e-02    -0.0000000000e+00
   20.450000     0.0000000000e+00     1.7194710777e-02    -0.0000000000e+00
   20.500000     0.0000000000e+00     1.2921742834e-02    -0.0000000000e+00
   20.550000     0.0000000000e+00     1.0697003579e-02    -0.0000000000e+00
   20.600000     0.0000000000e+00     1.0925793810e-02    -0.0000000000e+00
   20.650000    -0.0000000000e+00     1.1540222277e-02    -0.0000000000e+00
   20.700000     0.0000000000e+00     1.2670615944e-02    -0.0000000000e+00
   20.750000     0.0000000000e+00     1.4444177138e-02    -0.0000000000e+00
   20.800000     0.0000000000e+00     1.6021784480e-02     0.0000000000e+00
   20.850000    -0.0000000000e+00     1.5010683199e-02     0.0000000000e+00
   20.900000    -0.0000000000e+00     1.2607922355e-02     0.0000000000e+00
   20.950000    -0.0000000000e+00     1.2595671035e-02    -0.0000000000e+00
   21.000000    -0.0000000000e+00     1.4797871797e-02    -0.0000000000e+00
   21.050000    -0.0000000000e+00     1.5192343532e-02    -0.0000000000e+00
   21.100000    -0.0000000000e+00     1.3533820928e-02     0.0000000000e+00
   21.150000     0.0000000000e+00     1.2551616999e-02     0.0000000000e+00
   21.200000     0.0000000000e+00     1.2839113430e-02     0.0000000000e+00
   21.250000     0.0000000000e+00     1.3410105994e-02     0.0000000000e+00
   21.300000    -0.0000000000e+00     1.3948813643e-02     0.0000000000e+00
   21.350000    -0.0000000000e+00     1.4622607590e-02    -0.0000000000e+00
   21.400000    -0.0000000000e+00     1.3654407245e-02     0.0000000000e+00
   21.450000     0.0000000000e+00     1.2722104711e-02     0.0000000000e+00
   21.500000     0.0000000000e+00     1.3703397203e-02     0.0000000000e+00
   21.550000     0.0000000000e+00     1.4885513940e-02     0.0000000000e+00
   21.600000     0.0000000000e+00     1.4868506846e-02     0.0000000000e+00
   21.650000     0.0000000000e+00     1.4295470291e-02     0.0000000000e+00
   21.700000    -0.0000000000e+00     1.3254684697e-02     0.0000000000e+00
   21.750000    -0.0000000000e+00     1.1347175353e-02     0.0000000000e+00
   21.800000    -0.0000000000e+00     1.0050858837e-02    -0.0000000000e+00
   21.850000    -0.0000000000e+00     1.0219521540e-02    -0.0000000000e+00
   21.900000    -0.0000000000e+00     1.0532997357e-02    -0.0000000000e+00
   21.950000    -0.0000000000e+00     9.6298729104e-03     0.0000000000e+00
   22.000000     0.0000000000e+00     8.8059097162e-03     0.0000000000e+00
   22.050000     0.0000000000e+00     9.3480376704e-03     0.0000000000e+00
   22.100000     0.0000000000e+00     1.1324381649e-02     0.0000000000e+00
   22.150000     0.0000000000e+00     1.3311413263e-02     0.0000000000e+00
   22.200000     0.0000000000e+00     1.4449534770e-02     0.0000000000e+00
   22.250000    -0.0000000000e+00     1.4576334498e-02     0.0000000000e+00
   22.300000    -0.0000000000e+00     1.2879945482e-02     0.0000000000e+00
   22.350000    -0.0000000000e+00     9.9865693466e-03     0.0000000000e+00
   22.400000    -0.0000000000e+00     7.7739260830e-03     0.0000000000e+00
   22.450000    -0.0000000000e+00     7.8243943831e-03     0.0000000000e+00
   22.500000     0.0000000000e+00     9.2464519662e-03     0.0000000000e+00
   22.550000     0.0000000000e+00     1.0743933005e-02    -0.0000000000e+00
   22.600000     0.0000000000e+00     1.2117464289e-02    -0.0000000000e+00
   22.650000     0.0000000000e+00     1.3600934591e-02    -0.0000000000e+00
   22.700000    -0.0000000000e+00     1.3728827626e-02     0.0000000000e+00
   22.750000    -0.0000000000e+00     1.2426072303e-02    -0.0000000000e+00
   22.800000    -0.0000000000e+00     1.1253639994e-02    -0.0000000000e+00
   22.850000    -0.0000000000e+00     1.0494792689e-02    -0.0000000000e+00
   22.900000    -0.0000000000e+00     1.0283605698e-02    -0.0000000000e+00
   22.950000     0.0000000000e+00     1.2181151116e-02    -0.0000000000e+00
   23.000000     0.0000000000e+00     1.6622621928e-02    -0.0000000000e+00
   23.050000     0.0000000000e+00     1.9606396214e-02    -0.0000000000e+00
   23.100000    -0.0000000000e+00     1.8520627260e-02    -0.0000000000e+00
   23.150000    -0.0000000000e+00     1.5609162181e-02     0.0000000000e+00
   23.200000    -0.0000000000e+00     1.3289020893e-02     0.0000000000e+00
   23.250000    -0.0000000000e+00     1.1937793465e-02     0.0000000000e+00
   23.300000     0.0000000000e+00     1.1460448259e-02     0.0000000000e+00
   23.350000     0.0000000000e+00     1.1489917410e-02     0.0000000000e+00
   23.400000     0.0000000000e+00     1.2749989074e-02     0.0000000000e+00
   23.450000     0.0000000000e+00     1.5088376123e-02    -0.0000000000e+00
   23.500000     0.0000000000e+00     1.6076015777e-02    -0.0000000000e+00
   23.550000     0.0000000000e+00     1.5633295284e-02     0.0000000000e+00
   23.600000     0.0000000000e+00     1.5109113551e-02     0.0000000000e+00
   23.650000     0.0000000000e+00     1.4595219948e-02     0.0000000000e+00
   23.700000     0.0000000000e+00     1.3582641089e-02     0.0000000000e+00
   23.750000     0.0000000000e+00     1.2819596634e-02     0.0000000000e+00
   23.800000    -0.0000000000e+00     1.2515232016e-02     0.0000000000e+00
   23.850000    -0.0000000000e+00     1.1549721830e-02     0.0000000000e+00
   23.900000    -0.0000000000e+00     9.4865149983e-03     0.0000000000e+00
   23.950000    -0.0000000000e+00     7.9299914452e-03     0.0000000000e+00
   24.000000    -0.0000000000e+00     8.3180556163e-03    -0.0000000000e+00
   24.050000    -0.0000000000e+00     9.8510774462e-03    -0.0000000000e+00
   24.100000    -0.0000000000e+00     1.1139106101e-02     0.0000000000e+00
   24.150000    -0.0000000000e+00     1.2282597461e-02     0.0000000000e+00
   24.200000     0.0000000000e+00     1.3945032727e-02     0.0000000000e+00
   24.250000     0.0000000000e+00     1.4880028558e-02     0.0000000000e+00
   24.300000     0.0000000000e+00     1.4843345526e-02    -0.0000000000e+00
   24.350000     0.0000000000e+00     1.4545374185e-02    -0.0000000000e+00
   24.400000     0.0000000000e+00     1.4319996627e-02    -0.0000000000e+00
   24.450000    -0.0000000000e+00     1.3998397613e-02    -0.0000000000e+00
   24.500000    -0.0000000000e+00     1.3360031870e-02    -0.0000000000e+00
   24.550000    -0.0000000000e+00     1.2713596079e-02    -0.0000000000e+00
   24.600000    -0.0000000000e+00     1.1879682694e-02    -0.0000000000e+00
   24.650000    -0.0000000000e+00     1.1298036943e-02    -0.0000000000e+00
   24.700000    -0.0000000000e+00     1.1286984226e-02     0.0000000000e+00
   24.750000    -0.0000000000e+00     1.1326439053e-02     0.0000000000e+00
   24.800000     0.0000000000e+00     1.0879576053e-02     0.0000000000e+00
   24.850000     0.0000000000e+00     1.0376935073e-02     0.0000000000e+00
   24.900000    -0.0000000000e+00     9.7299244419e-03    -0.0000000000e+00
   24.950000    -0.0000000000e+00     8.9052948311e-03    -0.0000000000e+00
   25.000000    -0.0000000000e+00     7.8444595175e-03    -0.0000000000e+00
   25.050000    -0.0000000000e+00     7.2985331756e-03    -0.0000000000e+00
   25.100000     0.0000000000e+00     8.5101529085e-03    -0.0000000000e+00
   25.150000     0.0000000000e+00     1.0953365000e-02    -0.0000000000e+00
   25.200000     0.0000000000e+00     1.2202719835e-02    -0.0000000000e+00
   25.250000     0.0000000000e+00     1.1561384407e-02     0.0000000000e+00
   25.300000    -0.0000000000e+00     1.0810535425e-02     0.0000000000e+00
   25.350000    -0.0000000000e+00     9.8525319684e-03     0.0000000000e+00
   25.400000    -0.0000000000e+00     8.9464931592e-03     0.0000000000e+00
   25.450000    -0.0000000000e+00     9.0732255154e-03    -0.0000000000e+00
   25.500000    -0.0000000000e+00     1.0072152941e-02    -0.0000000000e+00
   25.550000    -0.0000000000e+00     1.0521433424e-02    -0.0000000000e+00
   25.600000    -0.0000000000e+00     1.0377454474e-02    -0.0000000000e+00
   25.650000     0.0000000000e+00     1.0526489635e-02    -0.0000000000e+00
   25.700000     0.0000000000e+00     1.1173056113e-02    -0.0000000000e+00
   25.750000     0.0000000000e+00     1.2305358215e-02     0.0000000000e+00
   25.800000    -0.0000000000e+00     1.3173775683e-02     0.0000000000e+00
   25.850000    -0.0000000000e+00     1.3097407948e-02     0.0000000000e+00
   25.900000    -0.0000000000e+00     1.2023178576e-02     0.0000000000e+00
   25.950000    -0.0000000000e+00     1.1130992206e-02     0.0000000000e+00
   26.000000     0.0000000000e+00     1.0123521327e-02     0.0000000000e+00
   26.050000    -0.0000000000e+00     8.8493334923e-03     0.0000000000e+00
   26.100000    -0.0000000000e+00     8.4479400623e-03     0.0000000000e+00
   26.150000     0.0000000000e+00     1.0304815831e-02     0.0000000000e+00
   26.200000     0.0000000000e+00     1.4075619663e-02     0.0000000000e+00
   26.250000     0.0000000000e+00     1.7088298709e-02     0.0000000000e+00
   26.300000     0.0000000000e+00     1.7409579391e-02    -0.0000000000e+00
   26.350000     0.0000000000e+00     1.5510041026e-02    -0.0000000000e+00
   26.400000     0.0000000000e+00     1.2989927864e-02     0.0000000000e+00
   26.450000     0.0000000000e+00     1.1400301305e-02     0.0000000000e+00
   26.500000     0.0000000000e+00     1.1684713647e-02     0.0000000000e+00
   26.550000    -0.0000000000e+00     1.2840597077e-02    -0.0000000000e+00
   26.600000    -0.0000000000e+00     1.3979221422e-02    -0.0000000000e+00
   26.650000     0.0000000000e+00     1.5074494312e-02    -0.0000000000e+00
   26.700000     0.0000000000e+00     1.5320882720e-02     0.0000000000e+00
   26.750000    -0.0000000000e+00     1.3858540250e-02     0.0000000000e+00
   26.800000    -0.0000000000e+00     1.1672469901e-02     0.0000000000e+00
   26.850000    -0.0000000000e+00     1.0739309891e-02     0.0000000000e+00
   26.900000    -0.0000000000e+00     1.0823184303e-02     0.0000000000e+00
   26.950000    -0.0000000000e+00     1.0190104910e-02    -0.0000000000e+00
   27.000000    -0.0000000000e+00     8.9481727035e-03    -0.0000000000e+00
   27.050000    -0.0000000000e+00     8.8367323184e-03    -0.0000000000e+00
   27.100000    -0.0000000000e+00     9.7482431403e-03    -0.0000000000e+00
   27.150000    -0.0000000000e+00     1.0578071492e-02     0.0000000000e+00
   27.200000    -0.0000000000e+00     1.0633027211e-02    -0.0000000000e+00
   27.250000    -0.0000000000e+00     1.0405687533e-02    -0.0000000000e+00
   27.300000    -0.0000000000e+00     1.0452579565e-02    -0.0000000000e+00
   27.350000     0.0000000000e+00     1.0631081066e-02    -0.0000000000e+00
   27.400000    -0.0000000000e+00     1.0615710448e-02    -0.0000000000e+00
   27.450000    -0.0000000000e+00     1.0845461952e-02    -0.0000000000e+00
   27.500000    -0.0000000000e+00     1.0989434877e-02    -0.0000000000e+00
   27.550000     0.0000000000e+00     1.0322518182e-02     0.0000000000e+00
   27.600000     0.0000000000e+00     9.9223058483e-03     0.0000000000e+00
   27.650000     0.0000000000e+00     9.4139295785e-03     0.0000000000e+00
   27.700000    -0.0000000000e+00     8.8923264999e-03    -0.0000000000e+00
   27.750000    -0.0000000000e+00     8.8843311963e-03    -0.0000000000e+00
   27.800000    -0.0000000000e+00     9.1115659226e-03     0.0000000000e+00
   27.850000    -0.0000000000e+00     8.8353744725e-03     0.0000000000e+00
   27.900000     0.0000000000e+00     8.2223465074e-03     0.0000000000e+00
   27.950000     0.0000000000e+00     8.2676859799e-03     0.0000000000e+00
   28.000000     0.0000000000e+00     9.0999441183e-03     0.0000000000e+00
   28.050000     0.0000000000e+00     1.0195895050e-02     0.0000000000e+00
   28.100000     0.0000000000e+00     1.1196810736e-02     0.0000000000e+00
   28.150000     0.0000000000e+00     1.1915978027e-02     0.0000000000e+00
   28.200000    -0.0000000000e+00     1.1725093850e-02     0.0000000000e+00
   28.250000    -0.0000000000e+00     1.1369361264e-02     0.0000000000e+00
   28.300000    -0.0000000000e+00     1.0996869291e-02     0.0000000000e+00
   28.350000    -0.0000000000e+00     1.0409171143e-02     0.0000000000e+00
   28.400000    -0.0000000000e+00     9.8954176894e-03     0.0000000000e+00
   28.450000    -0.0000000000e+00     9.5415399794e-03    -0.0000000000e+00
   28.500000    -0.0000000000e+00     9.2970930630e-03     0.0000000000e+00
   28.550000    -0.0000000000e+00     9.5882831375e-03     0.0000000000e+00
   28.600000    -0.0000000000e+00     9.9655162503e-03     0.0000000000e+00
   28.650000    -0.0000000000e+00     8.7965014625e-03     0.0000000000e+00
   28.700000     0.0000000000e+00     7.2530304203e-03     0.0000000000e+00
   28.750000     0.0000000000e+00     7.4817520090e-03     0.0000000000e+00
   28.800000     0.0000000000e+00     9.3560992628e-03    -0.0000000000e+00
   28.850000     0.0000000000e+00     1.1043246712e-02    -0.0000000000e+00
   28.900000     0.0000000000e+00     1.2219365465e-02    -0.0000000000e+00
   28.950000     0.0000000000e+00     1.3354585876e-02    -0.0000000000e+00
   29.000000     0.0000000000e+00     1.3824335880e-02    -0.0000000000e+00
   29.050000    -0.0000000000e+00     1.2560062522e-02    -0.0000000000e+00
   29.100000    -0.0000000000e+00     1.1296678308e-02     0.0000000000e+00
   29.150000    -0.0000000000e+00     1.2323480646e-02     0.0000000000e+00
   29.200000    -0.0000000000e+00     1.3908898372e-02     0.0000000000e+00
   29.250000    -0.0000000000e+00     1.3552942420e-02     0.0000000000e+00
   29.300000    -0.0000000000e+00     1.2018194262e-02     0.0000000000e+00
   29.350000    -0.0000000000e+00     1.1096495197e-02     0.0000000000e+00
   29.400000    -0.0000000000e+00     1.0147417653e-02     0.0000000000e+00
   29.450000     0.0000000000e+00     9.4621017500e-03     0.0000000000e+00
   29.500000     0.0000000000e+00     9.7618971182e-03     0.0000000000e+00
   29.550000     0.0000000000e+00     1.1016651896e-02     0.0000000000e+00
   29.600000     0.0000000000e+00     1.2902829140e-02    -0.0000000000e+00
   29.650000     0.0000000000e+00     1.3985864569e-02    -0.0000000000e+00
   29.700000     0.0000000000e+00     1.2927112151e-02    -0.0000000000e+00
   29.750000     0.0000000000e+00     1.0897797522e-02    -0.0000000000e+00
   29.800000     0.0000000000e+00     9.3002675808e-03    -0.0000000000e+00
   29.850000    -0.0000000000e+00     8.1366531242e-03    -0.0000000000e+00
   29.900000    -0.0000000000e+00     7.8997315453e-03    -0.0000000000e+00
   29.950000     0.0000000000e+00     8.3327612956e-03    -0.0000000000e+00
   30.000000     0.0000000000e+00     9.2959609843e-03    -0.0000000000e+00
