lattice parameter, energy
1.7, -1.8309423068993045
1.700266755585195, -1.8343744801428858
1.70053351117039, -1.8378011629996438
1.700800266755585, -1.8412223621679997
1.7010670223407802, -1.8446380843452266
1.7013337779259752, -1.8480483362099962
1.7016005335111704, -1.8514531244286019
1.7018672890963653, -1.8548524556675323
1.7021340446815605, -1.8582463365943767
1.7024008002667554, -1.8616347738789738
1.7026675558519506, -1.8650177741922391
1.7029343114371456, -1.8683953442049797
1.7032010670223408, -1.8717674905670414
1.7034678226075357, -1.875134219898075
1.7037345781927309, -1.878495538815895
1.7040013337779258, -1.8818514539387943
1.704268089363121, -1.8852019718862731
1.704534844948316, -1.888547099276665
1.7048016005335112, -1.8918868427179447
1.705068356118706, -1.895221208815757
1.7053351117039013, -1.8985502041763107
1.7056018672890962, -1.9018738354067972
1.7058686228742914, -1.9051921091148278
1.7061353784594864, -1.9085050319085344
1.7064021340446816, -1.9118126103951854
1.7066688896298765, -1.9151148511783385
1.7069356452150717, -1.9184117608562463
1.7072024008002666, -1.9217033460130644
1.7074691563854618, -1.9249896132278517
1.7077359119706568, -1.928270568985221
1.708002667555852, -1.9315462196860036
1.708269423141047, -1.9348165717294563
1.708536178726242, -1.9380816315165825
1.708802934311437, -1.941341405449032
1.7090696898966322, -1.944595899928915
1.7093364454818272, -1.947845121358501
1.7096032010670223, -1.9510890761364452
1.7098699566522173, -1.9543277706523803
1.7101367122374125, -1.9575612112923508
1.7104034678226074, -1.9607894044441103
1.7106702234078026, -1.9640123564965561
1.7109369789929976, -1.9672300738388584
1.7112037345781927, -1.9704425628604216
1.7114704901633877, -1.9736498299508858
1.7117372457485829, -1.976851881500271
1.7120040013337778, -1.980048723898289
1.712270756918973, -1.9832403635285747
1.712537512504168, -1.9864268067703437
1.7128042680893631, -1.9896080599913084
1.713071023674558, -1.9927841295408184
1.7133377792597533, -1.9959550217664281
1.7136045348449482, -1.9991207430161664
1.7138712904301434, -2.0022812996387014
1.7141380460153384, -2.0054366979833365
1.7144048016005335, -2.008586944401496
1.7146715571857285, -2.011732045246271
1.7149383127709237, -2.01487200686919
1.7152050683561186, -2.0180068356166316
1.7154718239413138, -2.0211365378345354
1.7157385795265088, -2.024261119869598
1.716005335111704, -2.0273805880706774
1.716272090696899, -2.0304949487889647
1.716538846282094, -2.0336042083582644
1.716805601867289, -2.0367083729963245
1.7170723574524842, -2.039807448877223
1.7173391130376792, -2.0429014421756317
1.7176058686228743, -2.0459903590672983
1.7178726242080693, -2.0490742057291165
1.7181393797932645, -2.0521529883383565
1.7184061353784594, -2.055226713073772
1.7186728909636546, -2.0582953861115643
1.7189396465488496, -2.061359013610761
1.7192064021340447, -2.064417601710786
1.7194731577192397, -2.0674711565415107
1.7197399133044349, -2.070519684232976
1.7200066688896298, -2.073563190915009
1.7202734244748248, -2.07660168271277
1.72054018006002, -2.079635165749756
1.720806935645215, -2.0826636461502064
1.72107369123041, -2.0856871300330706
1.721340446815605, -2.088705623495625
1.7216072024008002, -2.0917191326301667
1.7218739579859952, -2.09472766352925
1.7221407135711904, -2.0977312222867965
1.7224074691563853, -2.10072981500657
1.7226742247415805, -2.1037234477970523
1.7229409803267755, -2.1067121267643136
1.7232077359119706, -2.1096958580138967
1.7234744914971656, -2.1126746476522076
1.7237412470823608, -2.115648501786363
1.7240080026675557, -2.118617426523852
1.724274758252751, -2.1215814279730587
1.7245415138379458, -2.124540512243989
1.724808269423141, -2.1274946854368784
1.725075025008336, -2.1304439536371422
1.7253417805935312, -2.133388322927546
1.7256085361787261, -2.136327799338046
1.7258752917639213, -2.139262388798093
1.7261420473491162, -2.142192097223484
1.7264088029343114, -2.145116930531443
1.7266755585195064, -2.1480368946404926
1.7269423141047016, -2.150951995469522
1.7272090696898965, -2.1538622389376627
1.7274758252750917, -2.1567676309645316
1.7277425808602866, -2.159668177469907
1.7280093364454818, -2.1625638843673514
1.7282760920306768, -2.1654547575640137
1.728542847615872, -2.168340802969211
1.728809603201067, -2.1712220264953332
1.729076358786262, -2.1740984340558205
1.729343114371457, -2.176970031564518
1.7296098699566522, -2.1798368249355304
1.7298766255418472, -2.182698820082865
1.7301433811270424, -2.1855560229006903
1.7304101367122373, -2.188408439253461
1.7306768922974325, -2.1912560750091785
1.7309436478826274, -2.1940989360307217
1.7312104034678226, -2.196937028170942
1.7314771590530176, -2.1997703572823104
1.7317439146382128, -2.20259892921455
1.7320106702234077, -2.2054227498070773
1.7322774258086029, -2.208241824897825
1.7325441813937978, -2.211056160327499
1.732810936978993, -2.213865761937967
1.733077692564188, -2.216670635569457
1.7333444481493832, -2.219470787055857
1.733611203734578, -2.222266222229898
1.7338779593197733, -2.2250569469247585
1.7341447149049682, -2.227842966973996
1.7344114704901634, -2.2306242882102953
1.7346782260753584, -2.233400916411897
1.7349449816605536, -2.236172857299705
1.7352117372457485, -2.2389401165919818
1.7354784928309437, -2.2417027000072
1.7357452484161386, -2.244460613262289
1.7360120040013338, -2.247213862071354
1.7362787595865288, -2.2499624521486297
1.736545515171724, -2.252706389209761
1.736812270756919, -2.2554456789712196
1.737079026342114, -2.2581803271439984
1.737345781927309, -2.2609103394203762
1.7376125375125042, -2.2636357214896465
1.7378792930976992, -2.266356479039378
1.7381460486828944, -2.2690726177551683
1.7384128042680893, -2.271784143318121
1.7386795598532845, -2.274491061411122
1.7389463154384794, -2.2771933777136057
1.7392130710236746, -2.279891097856887
1.7394798266088696, -2.2825842274396004
1.7397465821940648, -2.28527277206004
1.7400133377792597, -2.2879567373167697
1.7402800933644547, -2.2906361288088286
1.7405468489496498, -2.293310952136811
1.740813604534845, -2.2959812129010544
1.74108036012004, -2.298646916695896
1.741347115705235, -2.30130806911256
1.74161387129043, -2.3039646757406747
1.741880626875625, -2.3066167421699877
1.7421473824608202, -2.3092642739904967
1.7424141380460152, -2.3119072767930797
1.7426808936312104, -2.3145457561700375
1.7429476492164053, -2.3171797177141578
1.7432144048016005, -2.319809167018347
1.7434811603867955, -2.322434109661126
1.7437479159719906, -2.3250545511591945
1.7440146715571856, -2.327670497005716
1.7442814271423808, -2.3302819526941114
1.7445481827275757, -2.3328889237157684
1.744814938312771, -2.3354914155587174
1.7450816938979659, -2.338089433711012
1.745348449483161, -2.3406829836610026
1.745615205068356, -2.343272070897285
1.7458819606535512, -2.345856700909171
1.7461487162387461, -2.3484368791835246
1.7464154718239413, -2.351012611203995
1.7466822274091363, -2.353583902455619
1.7469489829943314, -2.356150758423908
1.7472157385795264, -2.3587131845945963
1.7474824941647216, -2.361271186453547
1.7477492497499165, -2.3638247694844043
1.7480160053351117, -2.3663739391562
1.7482827609203067, -2.368918700882234
1.7485495165055018, -2.3714590600617456
1.7488162720906968, -2.373995022097419
1.749083027675892, -2.3765265923936836
1.749349783261087, -2.379053776355182
1.749616538846282, -2.3815765793866914
1.749883294431477, -2.384095006883533
1.7501500500166722, -2.386609064223463
1.7504168056018672, -2.3891187567835317
1.7506835611870624, -2.391624089942421
1.7509503167722573, -2.3941250690753084
1.7512170723574525, -2.396621699552712
1.7514838279426475, -2.3991139867377886
1.7517505835278426, -2.4016019359919736
1.7520173391130376, -2.4040855526770217
1.7522840946982328, -2.406564842155174
1.7525508502834277, -2.4090398097662438
1.752817605868623, -2.411510460783724
1.7530843614538179, -2.4139768004695035
1.753351117039013, -2.4164388340857665
1.753617872624208, -2.4188965668949294
1.7538846282094032, -2.421350004160005
1.7541513837945981, -2.423799151142088
1.7544181393797933, -2.426244013100933
1.7546848949649883, -2.4286845952977156
1.7549516505501834, -2.4311209029947425
1.7552184061353784, -2.433552941454925
1.7554851617205736, -2.435980715941444
1.7557519173057685, -2.4384042317177737
1.7560186728909637, -2.440823494047726
1.7562854284761586, -2.4432385081938532
1.7565521840613538, -2.4456492794054063
1.7568189396465488, -2.4480558129242063
1.757085695231744, -2.4504581139686072
1.757352450816939, -2.4528561877111517
1.757619206402134, -2.455250039318377
1.757885961987329, -2.457639673957143
1.7581527175725242, -2.4600250967946073
1.7584194731577192, -2.462406312998457
1.7586862287429144, -2.4647833277377673
1.7589529843281093, -2.4671561461822797
1.7592197399133045, -2.469524773503225
1.7594864954984994, -2.4718892148732583
1.7597532510836946, -2.474249475465561
1.7600200066688896, -2.4766055604535406
1.7602867622540845, -2.4789574750102497
1.7605535178392797, -2.481305224305861
1.760820273424475, -2.4836488135102055
1.7610870290096698, -2.4859882477934194
1.7613537845948648, -2.4883235323247104
1.76162054018006, -2.490654672230824
1.761887295765255, -2.4929816725834977
1.7621540513504501, -2.4953045384505694
1.762420806935645, -2.4976232749003193
1.7626875625208402, -2.4999378870023787
1.7629543181060352, -2.5022483798243083
1.7632210736912304, -2.504554758415584
1.7634878292764253, -2.5068570278173254
1.7637545848616205, -2.509155193067355
1.7640213404468155, -2.5114492592031077
1.7642880960320106, -2.5137392312649958
1.7645548516172056, -2.5160251142982446
1.7648216072024008, -2.5183069133496425
1.7650883627875957, -2.520584633466439
1.765355118372791, -2.5228582796962007
1.7656218739579859, -2.5251278570867486
1.765888629543181, -2.527393370683868
1.766155385128376, -2.529654825497027
1.7664221407135712, -2.5319122265071217
1.7666888962987661, -2.5341655786939663
1.7669556518839613, -2.5364148870257277
1.7672224074691563, -2.538660156464001
1.7674891630543514, -2.5409013919705
1.7677559186395464, -2.543138598507147
1.7680226742247416, -2.545371781036124
1.7682894298099365, -2.5476009445199854
1.7685561853951317, -2.5498260939226967
1.7688229409803267, -2.5520472342095797
1.7690896965655218, -2.5542643703462735
1.7693564521507168, -2.5564775072998547
1.769623207735912, -2.558686650043808
1.769889963321107, -2.5608918035427335
1.770156718906302, -2.5630929727463134
1.770423474491497, -2.5652901625971145
1.7706902300766922, -2.567483377983061
1.7709569856618872, -2.5696726237634633
1.7712237412470824, -2.571857904797656
1.7714904968322773, -2.574039225945257
1.7717572524174725, -2.5762165920661455
1.7720240080026675, -2.5783900080189137
1.7722907635878626, -2.5805594786589086
1.7725575191730576, -2.582725008841894
1.7728242747582528, -2.584886603425253
1.7730910303434477, -2.5870442672655107
1.773357785928643, -2.589198005216048
1.7736245415138379, -2.5913478221300386
1.773891297099033, -2.5934937228608836
1.774158052684228, -2.5956357122623164
1.7744248082694232, -2.597773795188365
1.7746915638546181, -2.5999079764915844
1.7749583194398133, -2.602038261015283
1.7752250750250083, -2.6041646535655962
1.7754918306102034, -2.6062871589364174
1.7757585861953984, -2.6084057819218285
1.7760253417805936, -2.6105205273162015
1.7762920973657885, -2.6126313999123814
1.7765588529509837, -2.6147384044998314
1.7768256085361787, -2.616841545853083
1.7770923641213738, -2.6189408287356972
1.7773591197065688, -2.6210362579124853
1.777625875291764, -2.6231278381492693
1.777892630876959, -2.6252155742122416
1.778159386462154, -2.6272994708679387
1.778426142047349, -2.6293795328832545
1.7786928976325442, -2.631455765026235
1.7789596532177392, -2.6335281720657253
1.7792264088029344, -2.6355967587707694
1.7794931643881293, -2.6376615298856407
1.7797599199733245, -2.6397224900754934
1.7800266755585195, -2.6417796439871783
1.7802934311437144, -2.643832996267203
1.7805601867289096, -2.645882551562826
1.7808269423141048, -2.647928314522791
1.7810936978992997, -2.6499702897962933
1.7813604534844947, -2.6520084820327985
1.7816272090696899, -2.654042895882136
1.781893964654885, -2.656073535994801
1.78216072024008, -2.658100407021807
1.782427475825275, -2.660123513615466
1.7826942314104701, -2.6621428604289945
1.782960986995665, -2.6641584521144672
1.7832277425808603, -2.6661702933241798
1.7834944981660552, -2.6681783887105586
1.7837612537512504, -2.670182742918144
1.7840280093364453, -2.6721833605717635
1.7842947649216405, -2.6741802462792403
1.7845615205068355, -2.676173404646938
1.7848282760920307, -2.6781628402822273
1.7850950316772256, -2.68014855778764
1.7853617872624208, -2.6821305617615154
1.7856285428476157, -2.684108856802096
1.785895298432811, -2.6860834475045943
1.7861620540180059, -2.688054338461939
1.786428809603201, -2.6900215342682943
1.786695565188396, -2.691985039519461
1.7869623207735912, -2.6939448588123014
1.7872290763587861, -2.695900996744
1.7874958319439813, -2.6978534579124935
1.7877625875291763, -2.699802246919284
1.7880293431143714, -2.7017473683674837
1.7882960986995664, -2.7036888268592585
1.7885628542847616, -2.7056266269446017
1.7888296098699565, -2.7075607731010365
1.7890963654551517, -2.709491269798879
1.7893631210403467, -2.711418121507242
1.7896298766255418, -2.7133413326954083
1.7898966322107368, -2.715260907832853
1.790163387795932, -2.717176851388664
1.790430143381127, -2.7190891678304645
1.7906968989663221, -2.7209978616259107
1.790963654551517, -2.722902937229509
1.7912304101367122, -2.7248043990837743
1.7914971657219072, -2.7267022516311337
1.7917639213071024, -2.728596499314301
1.7920306768922973, -2.730487146575833
1.7922974324774925, -2.732374197854842
1.7925641880626875, -2.7342576575891306
1.7928309436478826, -2.7361375302161646
1.7930976992330776, -2.7380138201624766
1.7933644548182728, -2.739886531845612
1.7936312104034677, -2.7417556696830383
1.793897965988663, -2.7436212380924827
1.7941647215738579, -2.745483241491959
1.794431477159053, -2.7473416842998475
1.794698232744248, -2.7491965709354518
1.7949649883294432, -2.7510479058191315
1.7952317439146381, -2.7528956933712387
1.7954984994998333, -2.754739938009698
1.7957652550850283, -2.7565806441513745
1.7960320106702234, -2.7584178162133997
1.7962987662554184, -2.7602514586132187
1.7965655218406136, -2.7620815757686934
1.7968322774258085, -2.7639081720988767
1.7970990330110037, -2.7657312520233837
1.7973657885961987, -2.7675508199568744
1.7976325441813938, -2.769366880258653
1.7978992997665888, -2.7711794372540197
1.798166055351784, -2.7729884952592476
1.798432810936979, -2.774794058576412
1.798699566522174, -2.7765961315042715
1.798966322107369, -2.7783947183418327
1.7992330776925642, -2.7801898233884326
1.7994998332777592, -2.7819814509436798
1.7997665888629544, -2.7837696053076857
1.8000333444481493, -2.785554290781194
1.8003001000333443, -2.78733551166526
1.8005668556185395, -2.7891132722609377
1.8008336112037346, -2.7908875768696597
1.8011003667889296, -2.792658429793366
1.8013671223741246, -2.7944258353342617
1.8016338779593197, -2.796189797793759
1.801900633544515, -2.797950321461764
1.8021673891297099, -2.7997074105768287
1.8024341447149048, -2.8014610693576696
1.8027009003001, -2.803211302023695
1.802967655885295, -2.804958112795393
1.8032344114704901, -2.806701505893594
1.803501167055685, -2.808441485539437
1.8037679226408803, -2.810178055954322
1.8040346782260752, -2.8119112213598814
1.8043014338112704, -2.813640985978378
1.8045681893964653, -2.815367354032949
1.8048349449816605, -2.817090329747056
1.8051017005668555, -2.8188099173426173
1.8053684561520507, -2.8205261210407704
1.8056352117372456, -2.8222389450489667
1.8059019673224408, -2.8239483935598764
1.8061687229076357, -2.8256544707647837
1.806435478492831, -2.8273571808458704
1.8067022340780259, -2.829056527948644
1.806968989663221, -2.830752516210439
1.807235745248416, -2.832445149769044
1.8075025008336112, -2.834134432762549
1.8077692564188061, -2.8358203693292823
1.8080360120040013, -2.8375029636064184
1.8083027675891963, -2.8391822197287215
1.8085695231743915, -2.8408581418324204
1.8088362787595864, -2.842530734055888
1.8091030343447816, -2.8442000005388963
1.8093697899299765, -2.8458659454214885
1.8096365455151717, -2.847528572843963
1.8099033011003667, -2.8491878869468406
1.8101700566855619, -2.8508438918708796
1.8104368122707568, -2.8524965917570575
1.810703567855952, -2.854145990746934
1.810970323441147, -2.855792092967074
1.8112370790263421, -2.8574349025021473
1.811503834611537, -2.859074423427733
1.8117705901967323, -2.860710659819359
1.8120373457819272, -2.862343615752744
1.8123041013671224, -2.863973295303815
1.8125708569523173, -2.8655997025488005
1.8128376125375125, -2.8672228415649124
1.8131043681227075, -2.8688427164228827
1.8133711237079027, -2.870459331178672
1.8136378792930976, -2.8720726898840105
1.8139046348782928, -2.873682796588665
1.8141713904634877, -2.8752896553425704
1.814438146048683, -2.876893270194678
1.8147049016338779, -2.878493645192842
1.814971657219073, -2.8800907843859083
1.815238412804268, -2.881684691822702
1.8155051683894632, -2.8832753715222688
1.8157719239746581, -2.8848628274549926
1.8160386795598533, -2.8864470635871493
1.8163054351450483, -2.888028083886107
1.8165721907302435, -2.889605892319885
1.8168389463154384, -2.8911804928574467
1.8171057019006336, -2.8927518894685744
1.8173724574858285, -2.8943200861232103
1.8176392130710237, -2.895885086789314
1.8179059686562187, -2.897446895433444
1.8181727242414139, -2.8990055160226262
1.8184394798266088, -2.9005609525241365
1.818706235411804, -2.9021132089072896
1.818972990996999, -2.9036622891465793
1.8192397465821941, -2.905208197217573
1.819506502167389, -2.9067509370960356
1.8197732577525843, -2.9082905127570076
1.8200400133377792, -2.909826928151185
1.8203067689229742, -2.911360187202983
1.8205735245081693, -2.912890293835409
1.8208402800933645, -2.9144172519595015
1.8211070356785595, -2.915941065469732
1.8213737912637544, -2.9174617382544086
1.8216405468489496, -2.918979274195726
1.8219073024341448, -2.9204936771758145
1.8221740580193397, -2.922004951077459
1.8224408136045347, -2.9235130997849583
1.8227075691897299, -2.925018127183326
1.8229743247749248, -2.9265200371586837
1.82324108036012, -2.928018833597625
1.823507835945315, -2.929514520387005
1.8237745915305101, -2.931007101414176
1.824041347115705, -2.9324965805684906
1.8243081027009003, -2.9339829617378785
1.8245748582860952, -2.935466248775041
1.8248416138712904, -2.936946445508206
1.8251083694564854, -2.93842355576592
1.8253751250416805, -2.9398975833770296
1.8256418806268755, -2.9413685321706686
1.8259086362120707, -2.9428364059762098
1.8261753917972656, -2.944301208623241
1.8264421473824608, -2.945762943942143
1.8267089029676558, -2.9472216157666127
1.826975658552851, -2.9486772279326803
1.827242414138046, -2.950129784273493
1.827509169723241, -2.9515792886206498
1.827775925308436, -2.9530257448059554
1.8280426808936312, -2.954469156661403
1.8283094364788262, -2.955909528019185
1.8285761920640213, -2.957346862708484
1.8288429476492163, -2.958781164537227
1.8291097032344115, -2.960212437262918
1.8293764588196064, -2.9616406846170715
1.8296432144048016, -2.9630659103306396
1.8299099699899966, -2.9644881181348257
1.8301767255751917, -2.9659073117608625
1.8304434811603867, -2.9673234949386793
1.8307102367455819, -2.9687366713979673
1.8309769923307768, -2.9701468448695096
1.831243747915972, -2.9715540190851937
1.831510503501167, -2.972958197778061
1.8317772590863621, -2.9743593846852785
1.832044014671557, -2.975757583547857
1.8323107702567523, -2.9771527981071926
1.8325775258419472, -2.978545032104921
1.8328442814271424, -2.979934289283384
1.8331110370123374, -2.981320573385843
1.8333777925975325, -2.982703888145522
1.8336445481827275, -2.9840842372466363
1.8339113037679227, -2.9854616243590177
1.8341780593531176, -2.9868360531524036
1.8344448149383128, -2.9882075272943838
1.8347115705235078, -2.9895760504518463
1.834978326108703, -2.990941626292661
1.8352450816938979, -2.992304258485222
1.835511837279093, -2.9936639506981755
1.835778592864288, -2.99502070660099
1.8360453484494832, -2.9963745298639166
1.8363121040346781, -2.997725424157439
1.8365788596198733, -2.999073393148086
1.8368456152050683, -3.000418440481527
1.8371123707902635, -3.001760569797939
1.8373791263754584, -3.0030997847379837
1.8376458819606536, -3.004436088942607
1.8379126375458485, -3.0057694860446245
1.8381793931310437, -3.007099979652153
1.8384461487162387, -3.008427573369014
1.8387129043014339, -3.0097522707993716
1.8389796598866288, -3.011074075548348
1.8392464154718238, -3.012392991221693
1.839513171057019, -3.013709021425343
1.8397799266422141, -3.0150221697649204
1.840046682227409, -3.016332439845068
1.840313437812604, -3.017639835271249
1.8405801933977992, -3.018944359649646
1.8408469489829944, -3.0202460165869867
1.8411137045681893, -3.0215448096909183
1.8413804601533843, -3.0228407425694357
1.8416472157385795, -3.0241338188307405
1.8419139713237747, -3.0254240420832894
1.8421807269089696, -3.0267114159357567
1.8424474824941646, -3.0279959439724937
1.8427142380793597, -3.029277629731155
1.842980993664555, -3.0305564767433277
1.8432477492497499, -3.031832488537603
1.8435145048349448, -3.0331056686423086
1.84378126042014, -3.0343760205859986
1.8440480160053352, -3.0356435478974566
1.8443147715905301, -3.03690825410568
1.844581527175725, -3.0381701427397947
1.8448482827609203, -3.0394292173219988
1.8451150383461152, -3.0406854813606783
1.8453817939313104, -3.0419389383629176
1.8456485495165054, -3.0431895918361134
1.8459153051017005, -3.0444374452879566
1.8461820606868955, -3.0456825022256964
1.8464488162720907, -3.046924766155655
1.8467155718572856, -3.048164240583624
1.8469823274424808, -3.0494009289912367
1.8472490830276758, -3.0506348348299936
1.847515838612871, -3.0518659615508428
1.847782594198066, -3.05309431260515
1.848049349783261, -3.0543198914445484
1.848316105368456, -3.0555427015208894
1.8485828609536512, -3.05676274628627
1.8488496165388462, -3.057980029193231
1.8491163721240413, -3.059194553695413
1.8493831277092363, -3.0604063232460996
1.8496498832944315, -3.061615341296937
1.8499166388796264, -3.0628216112989435
1.8501833944648216, -3.0640251367025817
1.8504501500500166, -3.0652259209584716
1.8507169056352117, -3.066423967517473
1.8509836612204067, -3.067619279831151
1.8512504168056019, -3.0688118613503614
1.8515171723907968, -3.0700017155020722
1.851783927975992, -3.071188845693425
1.852050683561187, -3.0723732553311414
1.8523174391463821, -3.0735549478221555
1.852584194731577, -3.074733926572512
1.8528509503167723, -3.0759101949870704
1.8531177059019672, -3.077083756467055
1.8533844614871624, -3.078254614394467
1.8536512170723574, -3.0794227721464678
1.8539179726575525, -3.08058823310123
1.8541847282427475, -3.081751000637332
1.8544514838279427, -3.0829110781336397
1.8547182394131376, -3.084068468969316
1.8549849949983328, -3.0852231765243983
1.8552517505835278, -3.086375204180053
1.855518506168723, -3.087524555317758
1.855785261753918, -3.0886712333130357
1.856052017339113, -3.0898152414960243
1.856318772924308, -3.0909565831727854
1.8565855285095032, -3.092095261649407
1.8568522840946982, -3.093231280232376
1.8571190396798933, -3.094364642229082
1.8573857952650883, -3.095495350947329
1.8576525508502835, -3.096623409695108
1.8579193064354784, -3.097748821780518
1.8581860620206736, -3.098871590512296
1.8584528176058686, -3.0999917192001347
1.8587195731910637, -3.10110921115393
1.8589863287762587, -3.102224069682736
1.8592530843614539, -3.103336298095374
1.8595198399466488, -3.104445899700882
1.859786595531844, -3.1055528778085115
1.860053351117039, -3.1066572357277273
1.860320106702234, -3.107758976765683
1.860586862287429, -3.1088581042127204
1.8608536178726243, -3.109954621353335
1.8611203734578192, -3.1110485314728535
1.8613871290430142, -3.1121398378570224
1.8616538846282094, -3.113228543787449
1.8619206402134045, -3.114314652529244
1.8621873957985995, -3.1153981673409117
1.8624541513837944, -3.1164790914796883
1.8627209069689896, -3.1175574282035474
1.8629876625541848, -3.1186331807712735
1.8632544181393798, -3.1197063524423556
1.8635211737245747, -3.1207769464765924
1.8637879293097699, -3.12184496613406
1.864054684894965, -3.1229104146751205
1.86432144048016, -3.123973295360397
1.864588196065355, -3.1250336114507817
1.8648549516505502, -3.1260913661881182
1.865121707235745, -3.1271465627467094
1.8653884628209403, -3.1281992042860574
1.8656552184061352, -3.129249293967018
1.8659219739913304, -3.1302968349509768
1.8661887295765254, -3.1313418303995393
1.8664554851617206, -3.1323842834745443
1.8667222407469155, -3.133424197338038
1.8669889963321107, -3.134461575152625
1.8672557519173056, -3.135496420082328
1.8675225075025008, -3.1365287352919013
1.8677892630876958, -3.1375585239463417
1.868056018672891, -3.138585789210783
1.868322774258086, -3.1396105342498286
1.868589529843281, -3.140632762225137
1.868856285428476, -3.141652476297637
1.8691230410136712, -3.142669679629032
1.8693897965988662, -3.143684375384979
1.8696565521840613, -3.1446965667391185
1.8699233077692563, -3.1457062568663288
1.8701900633544515, -3.146713448941403
1.8704568189396464, -3.1477181461277106
1.8707235745248416, -3.1487203515730164
1.8709903301100366, -3.149720068424471
1.8712570856952317, -3.1507172998300366
1.8715238412804267, -3.151712048937891
1.8717905968656219, -3.1527043188962014
1.8720573524508168, -3.1536941128535307
1.872324108036012, -3.154681433958719
1.872590863621207, -3.1556662853608626
1.8728576192064021, -3.156648670209391
1.873124374791597, -3.157628591654884
1.8733911303767923, -3.15860605285028
1.8736578859619872, -3.1595810569484244
1.8739246415471824, -3.160553607057564
1.8741913971323774, -3.161523706220767
1.8744581527175725, -3.1624913574761697
1.8747249083027675, -3.163456563861397
1.8749916638879627, -3.164419328412319
1.8752584194731576, -3.1653796541651813
1.8755251750583528, -3.1663375441565322
1.8757919306435478, -3.167293001422848
1.876058686228743, -3.168246029000331
1.876325441813938, -3.169196629926175
1.876592197399133, -3.170144807238295
1.876858952984328, -3.171090563974681
1.8771257085695232, -3.1720339031738427
1.8773924641547182, -3.1729748278749543
1.8776592197399133, -3.1739133411174025
1.8779259753251083, -3.174849445939571
1.8781927309103035, -3.1757831453771597
1.8784594864954984, -3.1767144424616722
1.8787262420806936, -3.1776433402210023
1.8789929976658886, -3.1785698416832457
1.8792597532510837, -3.179493949872408
1.8795265088362787, -3.180415667794961
1.8797932644214739, -3.1813349984535266
1.8800600200066688, -3.1822519448510005
1.8803267755918638, -3.183166509990562
1.880593531177059, -3.1840786968759107
1.8808602867622541, -3.1849885085118324
1.881127042347449, -3.1858959479038504
1.881393797932644, -3.18680101805786
1.8816605535178392, -3.187703721979994
1.8819273091030344, -3.1886040626766445
1.8821940646882294, -3.1895020431544605
1.8824608202734243, -3.1903976664203375
1.8827275758586195, -3.191290935478019
1.8829943314438147, -3.1921818532925474
1.8832610870290096, -3.1930704228047673
1.8835278426142046, -3.1939566469558485
1.8837945981993998, -3.1948405286884602
1.884061353784595, -3.195722070945747
1.88432810936979, -3.196601276669278
1.8845948649549848, -3.1974781487983406
1.88486162054018, -3.1983526902722876
1.885128376125375, -3.199224904031391
1.8853951317105702, -3.2000947930172075
1.8856618872957651, -3.200962360171589
1.8859286428809603, -3.201827608436599
1.8861953984661552, -3.2026905407544715
1.8864621540513504, -3.2035511600675877
1.8867289096365454, -3.204409469318521
1.8869956652217406, -3.205265471450154
1.8872624208069355, -3.206119169401808
1.8875291763921307, -3.206970566083686
1.8877959319773256, -3.207819664393331
1.8880626875625208, -3.208666467228383
1.8883294431477158, -3.209510977483037
1.888596198732911, -3.210353198033291
1.888862954318106, -3.2111931317503957
1.889129709903301, -3.2120307815068356
1.889396465488496, -3.212866150175822
1.8896632210736912, -3.2136992406313327
1.8899299766588862, -3.2145300557482295
1.8901967322440814, -3.215358598401671
1.8904634878292763, -3.21618487146702
1.8907302434144715, -3.2170088778187003
1.8909969989996664, -3.2178306203304454
1.8912637545848616, -3.21865010187689
1.8915305101700566, -3.2194673253341217
1.8917972657552518, -3.220282293570896
1.8920640213404467, -3.2210950094227333
1.8923307769256419, -3.2219054757166314
1.8925975325108368, -3.2227136952798308
1.892864288096032, -3.2235196709398073
1.893131043681227, -3.2243234055245553
1.8933977992664222, -3.2251249018627215
1.893664554851617, -3.2259241627830284
1.8939313104368123, -3.2267211911122016
1.8941980660220072, -3.2275159896762466
1.8944648216072024, -3.228308561301856
1.8947315771923974, -3.229098908815941
1.8949983327775926, -3.2298870350456985
1.8952650883627875, -3.230672942818992
1.8955318439479827, -3.231456634964082
1.8957985995331776, -3.232238114309428
1.8960653551183728, -3.2330173836836655
1.8963321107035678, -3.2337944459031798
1.896598866288763, -3.2345693037526253
1.896865621873958, -3.235341960012609
1.897132377459153, -3.23611241746394
1.897399133044348, -3.2368806788878843
1.8976658886295432, -3.23764674706077
1.8979326442147382, -3.238410624740616
1.8981993997999334, -3.239172314681554
1.8984661553851283, -3.2399318196380738
1.8987329109703235, -3.2406891423656936
1.8989996665555184, -3.2414442856207106
1.8992664221407136, -3.2421972521606572
1.8995331777259086, -3.242948044743851
1.8997999333111038, -3.24369666612889
1.9000666888962987, -3.2444431190741785
1.9003334444814937, -3.2451874063353845
1.9006002000666888, -3.2459295306670004
1.900866955651884, -3.2466694948098014
1.901133711237079, -3.2474073014812475
1.901400466822274, -3.248142953397172
1.901667222407469, -3.248876453273872
1.9019339779926643, -3.249607803828605
1.9022007335778592, -3.2503370077790907
1.9024674891630542, -3.25106406784326
1.9027342447482494, -3.2517889867392937
1.9030010003334445, -3.2525117671857675
1.9032677559186395, -3.253232411902739
1.9035345115038345, -3.253950923611212
1.9038012670890296, -3.2546673050324637
1.9040680226742248, -3.255381558887995
1.9043347782594198, -3.2560936879001527
1.9046015338446147, -3.25680369479274
1.90486828942981, -3.2575115822899083
1.9051350450150049, -3.2582173531153793
1.9054018006002, -3.2589210099700385
1.905668556185395, -3.259622555528673
1.9059353117705902, -3.260321992464865
1.9062020673557851, -3.2610193234523894
1.9064688229409803, -3.2617145511642107
1.9067355785261753, -3.2624076782696037
1.9070023341113704, -3.263098707436881
1.9072690896965654, -3.2637876413242823
1.9075358452817606, -3.2644744825745673
1.9078026008669555, -3.2651592338301367
1.9080693564521507, -3.2658418977338544
1.9083361120373457, -3.266522476928837
1.9086028676225408, -3.267200974058483
1.9088696232077358, -3.267877391766435
1.909136378792931, -3.2685517326967557
1.909403134378126, -3.269223999494437
1.909669889963321, -3.269894194805511
1.909936645548516, -3.2705623212554182
1.9102034011337112, -3.271228381453236
1.9104701567189062, -3.2718923780078972
1.9107369123041014, -3.272554313528594
1.9110036678892963, -3.273214190624787
1.9112704234744915, -3.273872011906529
1.9115371790596865, -3.2745277799843864
1.9118039346448816, -3.275181497469189
1.9120706902300766, -3.2758331669722436
1.9123374458152718, -3.2764827911056127
1.9126042014004667, -3.277130372481655
1.912870956985662, -3.277775913711627
1.9131377125708569, -3.278419417404084
1.913404468156052, -3.279060886167793
1.913671223741247, -3.279700322611826
1.9139379793264422, -3.280337729345481
1.9142047349116371, -3.2809731089744285
1.9144714904968323, -3.281606464073352
1.9147382460820273, -3.2822377972029058
1.9150050016672224, -3.282867110925379
1.9152717572524174, -3.283494407803671
1.9155385128376126, -3.2841196904011607
1.9158052684228075, -3.2847429612814203
1.9160720240080027, -3.285364223007747
1.9163387795931976, -3.2859834781427746
1.9166055351783928, -3.2866007292496717
1.9168722907635878, -3.287215978890097
1.917139046348783, -3.287829229608575
1.917405801933978, -3.288440483942801
1.917672557519173, -3.2890497444312055
1.917939313104368, -3.2896570136125023
1.9182060686895632, -3.2902622940256627
1.9184728242747582, -3.290865588209924
1.9187395798599534, -3.291466898699765
1.9190063354451483, -3.2920662280048933
1.9192730910303435, -3.2926635786273013
1.9195398466155384, -3.2932589530689382
1.9198066022007336, -3.2938523538321642
1.9200733577859286, -3.294443783420535
1.9203401133711235, -3.295033244338187
1.9206068689563187, -3.29562073908951
1.920873624541514, -3.2962062701791677
1.9211403801267088, -3.296789840112628
1.9214071357119038, -3.2973714513964536
1.921673891297099, -3.297951106537609
1.9219406468822942, -3.2985288080432924
1.9222074024674891, -3.2991045584208596
1.922474158052684, -3.2996783601762703
1.9227409136378792, -3.3002502158145592
1.9230076692230744, -3.300820127841062
1.9232744248082694, -3.301388098751726
1.9235411803934643, -3.3019541310124505
1.9238079359786595, -3.302518227083417
1.9240746915638547, -3.303080389425015
1.9243414471490496, -3.303640620497827
1.9246082027342446, -3.3041989227626445
1.9248749583194398, -3.304755298680456
1.9251417139046347, -3.305309750713012
1.92540846948983, -3.305862281323261
1.9256752250750249, -3.3064128929757923
1.92594198066022, -3.306961588136386
1.926208736245415, -3.3075083692710194
1.9264754918306102, -3.308053238845863
1.9267422474158051, -3.308596199327034
1.9270090030010003, -3.3091372531694665
1.9272757585861953, -3.309676402812101
1.9275425141713904, -3.310213650693253
1.9278092697565854, -3.3107489992417602
1.9280760253417806, -3.311282450865317
1.9283427809269755, -3.311814007969284
1.9286095365121707, -3.312343672959061
1.9288762920973657, -3.3128714482372557
1.9291430476825608, -3.3133973362046474
1.9294098032677558, -3.313921339262574
1.929676558852951, -3.3144434598128014
1.929943314438146, -3.314963700257442
1.930210070023341, -3.3154820629996795
1.930476825608536, -3.3159985504440948
1.9307435811937312, -3.3165131649957487
1.9310103367789262, -3.31702590905995
1.9312770923641214, -3.317536785042421
1.9315438479493163, -3.3180457953494544
1.9318106035345115, -3.318552942387682
1.9320773591197065, -3.319058228563976
1.9323441147049016, -3.3195616562628016
1.9326108702900966, -3.3200632278388444
1.9328776258752918, -3.3205629456456265
1.9331443814604867, -3.3210608120380645
1.933411137045682, -3.32155682937172
1.9336778926308769, -3.322051000002538
1.933944648216072, -3.32254332628668
1.934211403801267, -3.3230338105805166
1.9344781593864622, -3.323522455240746
1.9347449149716571, -3.324009262624863
1.9350116705568523, -3.324494235090288
1.9352784261420473, -3.3249773749919553
1.9355451817272424, -3.325458684684922
1.9358119373124374, -3.32593816652523
1.9360786928976326, -3.326415822869122
1.9363454484828275, -3.3268916560730193
1.9366122040680227, -3.327365668493009
1.9368789596532177, -3.327837862476284
1.9371457152384128, -3.3283082403575563
1.9374124708236078, -3.328776804452602
1.937679226408803, -3.329243557072907
1.937945981993998, -3.329708500530384
1.938212737579193, -3.330171637138182
1.938479493164388, -3.330632969210199
1.9387462487495832, -3.331092499060654
1.9390130043347782, -3.3315502290042986
1.9392797599199734, -3.3320061613569276
1.9395465155051683, -3.3324602984350653
1.9398132710903635, -3.3329126425555637
1.9400800266755585, -3.333363196035548
1.9403467822607534, -3.3338119611924175
1.9406135378459486, -3.3342589403444283
1.9408802934311438, -3.334704135811849
1.9411470490163387, -3.335147549911434
1.9414138046015337, -3.3355891849190558
1.9416805601867289, -3.336029043085712
1.941947315771924, -3.3364671266618777
1.942214071357119, -3.336903437898237
1.942480826942314, -3.3373379790457083
1.9427475825275091, -3.337770752355416
1.9430143381127043, -3.338201760078708
1.9432810936978993, -3.3386310044677288
1.9435478492830942, -3.339058487776156
1.9438146048682894, -3.339484212258613
1.9440813604534846, -3.339908180169978
1.9443481160386795, -3.340330393765343
1.9446148716238745, -3.34075085529963
1.9448816272090697, -3.3411695670269017
1.9451483827942648, -3.341586531201207
1.9454151383794598, -3.3420017500770083
1.9456818939646547, -3.3424152259081845
1.94594864954985, -3.3428269609434658
1.9462154051350449, -3.343236957430178
1.94648216072024, -3.343645217615867
1.946748916305435, -3.344051743748281
1.9470156718906302, -3.344456538075376
1.9472824274758251, -3.344859602845366
1.9475491830610203, -3.3452609403054794
1.9478159386462153, -3.345660552685784
1.9480826942314104, -3.3460584422051447
1.9483494498166054, -3.3464546110830415
1.9486162054018006, -3.346849061540171
1.9488829609869955, -3.3472417957978164
1.9491497165721907, -3.347632816077556
1.9494164721573857, -3.3480221246014565
1.9496832277425808, -3.3484097235920967
1.9499499833277758, -3.348795615272354
1.950216738912971, -3.3491798018548034
1.950483494498166, -3.3495622855131293
1.9507502500833611, -3.349943068412193
1.951017005668556, -3.350322152717566
1.9512837612537512, -3.3506995405962696
1.9515505168389462, -3.351075234216064
1.9518172724241414, -3.351449235745032
1.9520840280093363, -3.351821547351509
1.9523507835945315, -3.352192171204095
1.9526175391797265, -3.3525611094721395
1.9528842947649216, -3.3529283643256016
1.9531510503501166, -3.3532939379346995
1.9534178059353118, -3.353657832470021
1.9536845615205067, -3.3540200501024233
1.953951317105702, -3.3543805930027757
1.9542180726908969, -3.354739463341623
1.954484828276092, -3.3550966632889354
1.954751583861287, -3.3554521950063676
1.9550183394464822, -3.355806060635972
1.9552850950316771, -3.3561582623172157
1.9555518506168723, -3.356508802190049
1.9558186062020673, -3.3568576823947365
1.9560853617872624, -3.3572049050720745
1.9563521173724574, -3.3575504723659138
1.9566188729576526, -3.3578943864217274
1.9568856285428475, -3.3582366493852795
1.9571523841280427, -3.3585772634030606
1.9574191397132377, -3.3589162306212605
1.9576858952984328, -3.359253553185467
1.9579526508836278, -3.3595892332414232
1.9582194064688228, -3.359923272934871
1.958486162054018, -3.3602556744007224
1.958752917639213, -3.3605864397568443
1.959019673224408, -3.3609155711193233
1.959286428809603, -3.361243070591769
1.9595531843947982, -3.3615689402589473
1.9598199399799934, -3.3618931822044105
1.9600866955651883, -3.362215798511987
1.9603534511503833, -3.362536791265745
1.9606202067355785, -3.362856162549151
1.9608869623207736, -3.3631739144451562
1.9611537179059686, -3.3634900490369777
1.9614204734911636, -3.3638045684098246
1.9616872290763587, -3.3641174746524363
1.961953984661554, -3.3644287698542525
1.9622207402467489, -3.364738456104965
1.9624874958319438, -3.365046535494546
1.962754251417139, -3.3653530101132105
1.9630210070023342, -3.365657882051435
1.9632877625875291, -3.365961153399965
1.963554518172724, -3.3662628262491405
1.9638212737579193, -3.3665629026696107
1.9640880293431144, -3.3668613847125153
1.9643547849283094, -3.367158274428573
1.9646215405135043, -3.3674535738687483
1.9648882960986995, -3.367747285084236
1.9651550516838947, -3.368039410126441
1.9654218072690897, -3.368329951047099
1.9656885628542846, -3.368618909898401
1.9659553184394798, -3.3689062887329495
1.966222074024675, -3.3691920896040664
1.96648882960987, -3.369476314565678
1.9667555851950649, -3.3697589656736104
1.96702234078026, -3.3700400449834715
1.9672890963654552, -3.370319554550473
1.9675558519506502, -3.3705974964302294
1.9678226075358451, -3.370873872678696
1.9680893631210403, -3.3711486853504553
1.9683561187062353, -3.371421936481207
1.9686228742914305, -3.3716936280941177
1.9688896298766254, -3.3719637622123146
1.9691563854618206, -3.3722323408595276
1.9694231410470155, -3.3724993660569895
1.9696898966322107, -3.3727648398072922
1.9699566522174057, -3.373028764107232
1.9702234078026009, -3.3732911409533166
1.9704901633877958, -3.373551972342359
1.970756918972991, -3.3738112602719514
1.971023674558186, -3.374069006740032
1.9712904301433811, -3.3743252137448403
1.971557185728576, -3.3745798832851017
1.9718239413137713, -3.3748330173612535
1.9720906968989662, -3.3750846179756238
1.9723574524841614, -3.375334687130913
1.9726242080693563, -3.3755832268266
1.9728909636545515, -3.375830239037469
1.9731577192397465, -3.376075725727505
1.9734244748249417, -3.3763196888597875
1.9736912304101366, -3.3765621303974753
1.9739579859953318, -3.3768030523040222
1.9742247415805267, -3.377042456543175
1.974491497165722, -3.3772803450794635
1.9747582527509169, -3.377516719877999
1.975025008336112, -3.3777515829044678
1.975291763921307, -3.3779849361252516
1.9755585195065022, -3.378216781507159
1.9758252750916971, -3.3784471210173748
1.9760920306768923, -3.3786759566233187
1.9763587862620873, -3.3789032902922784
1.9766255418472825, -3.3791291239903556
1.9768922974324774, -3.3793534596839443
1.9771590530176726, -3.379576299337967
1.9774258086028675, -3.3797976449018963
1.9776925641880627, -3.3800174983211653
1.9779593197732577, -3.380235861541488
1.9782260753584526, -3.3804527365087913
1.9784928309436478, -3.3806681251692208
1.978759586528843, -3.3808820294691255
1.979026342114038, -3.381094451355067
1.979293097699233, -3.381305392773841
1.979559853284428, -3.381514855673506
1.9798266088696233, -3.381722842003737
1.9800933644548182, -3.3819293537145074
1.9803601200400132, -3.3821343927559826
1.9806268756252083, -3.382337961078182
1.9808936312104035, -3.382540060618168
1.9811603867955985, -3.3827406932962774
1.9814271423807934, -3.3829398610320607
1.9816938979659886, -3.383137565735715
1.9819606535511838, -3.3833338092906104
1.9822274091363787, -3.3835285935765365
1.9824941647215737, -3.38372192047434
1.9827609203067689, -3.3839137918648925
1.983027675891964, -3.3841042096286493
1.983294431477159, -3.3842931756462464
1.983561187062354, -3.3844806917987196
1.9838279426475491, -3.384666759967592
1.9840946982327443, -3.3848513820351243
1.9843614538179393, -3.385034559884114
1.9846282094031342, -3.3852162953978446
1.9848949649883294, -3.3853965904615144
1.9851617205735246, -3.3855754469613553
1.9854284761587195, -3.385752866783881
1.9856952317439145, -3.3859288518160584
1.9859619873291097, -3.3861034039442757
1.9862287429143048, -3.386276525042204
1.9864954984994998, -3.38644821696304
1.9867622540846948, -3.386618481558104
1.98702900966989, -3.3867873206789483
1.9872957652550851, -3.3869547361778567
1.98756252084028, -3.3871207299090624
1.987829276425475, -3.3872853037275306
1.9880960320106702, -3.3874484594884704
1.9883627875958652, -3.3876101990473853
1.9886295431810603, -3.3877705242604517
1.9888962987662553, -3.3879294369842157
1.9891630543514505, -3.388086939075082
1.9894298099366454, -3.3882430323891253
1.9896965655218406, -3.388397718782802
1.9899633211070356, -3.3885510001137202
1.9902300766922307, -3.3887028782410185
1.9904968322774257, -3.3888533550237874
1.9907635878626209, -3.3890024323098116
1.9910303434478158, -3.389150111933599
1.991297099033011, -3.3892963957290974
1.991563854618206, -3.3894412855305522
1.9918306102034011, -3.389584783172582
1.992097365788596, -3.3897268904900195
1.9923641213737913, -3.389867609316023
1.9926308769589862, -3.3900069414667358
1.9928976325441814, -3.3901448887489654
1.9931643881293764, -3.390281452970151
1.9934311437145715, -3.3904166359381738
1.9936978992997665, -3.3905504394613626
1.9939646548849617, -3.3906828653484453
1.9942314104701566, -3.390813915408436
1.9944981660553518, -3.390943591450632
1.9947649216405468, -3.391071895284628
1.995031677225742, -3.3911988287195074
1.9952984328109369, -3.3913243935484694
1.995565188396132, -3.391448591550286
1.995831943981327, -3.3915714245026956
1.9960986995665222, -3.391692894183695
1.9963654551517171, -3.3918130023715456
1.9966322107369123, -3.3919317508447615
1.9968989663221073, -3.3920491413821168
1.9971657219073025, -3.3921651757626368
1.9974324774924974, -3.392279855765837
1.9976992330776926, -3.3923931831725183
1.9979659886628875, -3.392505159764833
1.9982327442480827, -3.392615787325316
1.9984994998332777, -3.3927250676366922
1.9987662554184729, -3.3928330024811695
1.9990330110036678, -3.3929395936406532
1.9992997665888628, -3.3930448428972655
1.999566522174058, -3.3931487520308434
1.9998332777592531, -3.393251322799456
2.000100033344448, -3.3933525569501404
2.000366788929643, -3.3934524562312824
2.000633544514838, -3.393551022392897
2.0009003001000334, -3.3936482571852986
2.0011670556852286, -3.393744162359015
2.0014338112704233, -3.3938387396648046
2.0017005668556185, -3.393931990853788
2.0019673224408137, -3.3940239176778793
2.0022340780260084, -3.3941145218897413
2.0025008336112036, -3.39420380524228
2.0027675891963987, -3.3942917694887402
2.003034344781594, -3.3943784163838684
2.003301100366789, -3.3944637476833384
2.003567855951984, -3.394547765143076
2.003834611537179, -3.3946304705193664
2.004101367122374, -3.394711865566152
2.004368122707569, -3.3947919520216576
2.004634878292764, -3.394870731600224
2.0049016338779593, -3.394948206006922
2.0051683894631545, -3.3950243769454334
2.0054351450483496, -3.3950992461194165
2.0057019006335444, -3.3951728152344307
2.0059686562187395, -3.3952450859968257
2.0062354118039347, -3.395316060113267
2.0065021673891295, -3.39538573929105
2.0067689229743246, -3.3954541252381016
2.00703567855952, -3.3955212196626565
2.007302434144715, -3.395587024273235
2.00756918972991, -3.39565154077867
2.007835945315105, -3.3957147708882425
2.0081027009003, -3.3957767163123256
2.0083694564854953, -3.3958373787626317
2.00863621207069, -3.3958967599429384
2.008902967655885, -3.3959548615303405
2.0091697232410803, -3.3960116851967017
2.0094364788262755, -3.3960672326141452
2.0097032344114703, -3.396121505455154
2.0099699899966654, -3.3961745053925694
2.0102367455818606, -3.396226234099492
2.010503501167056, -3.3962766932493222
2.0107702567522505, -3.3963258845169326
2.0110370123374457, -3.396373809578879
2.011303767922641, -3.396420470112054
2.011570523507836, -3.3964658677927586
2.011837279093031, -3.3965100042974417
2.012104034678226, -3.396552881302828
2.012370790263421, -3.3965945004858717
2.0126375458486163, -3.3966348635237513
2.012904301433811, -3.396673972093817
2.0131710570190062, -3.39671182786652
2.0134378126042014, -3.3967484324986
2.0137045681893966, -3.3967837876457674
2.0139713237745913, -3.3968178949640535
2.0142380793597865, -3.3968507561097274
2.0145048349449817, -3.396882372739202
2.014771590530177, -3.3969127465088738
2.0150383461153716, -3.3969418790753068
2.0153051017005668, -3.396969772095331
2.015571857285762, -3.396996427226443
2.015838612870957, -3.3970218461272275
2.016105368456152, -3.397046030458245
2.016372124041347, -3.397068981880579
2.016638879626542, -3.397090702054593
2.0169056352117374, -3.3971111926244366
2.017172390796932, -3.3971304552202497
2.0174391463821273, -3.3971484914717482
2.0177059019673225, -3.397165302997443
2.0179726575525176, -3.3971808914000357
2.0182394131377124, -3.397195258281331
2.0185061687229076, -3.3972084052445886
2.0187729243081027, -3.397220333894994
2.0190396798932975, -3.3972310458381516
2.0193064354784926, -3.3972405426799606
2.019573191063688, -3.39724882602662
2.019839946648883, -3.3972558974848424
2.020106702234078, -3.397261758662119
2.020373457819273, -3.3972664111663438
2.020640213404468, -3.3972698566056883
2.0209069689896633, -3.3972720965880097
2.021173724574858, -3.397273132720927
2.021440480160053, -3.39727296661269
2.0217072357452484, -3.397271599871877
2.0219739913304435, -3.3972690341065155
2.0222407469156387, -3.3972652709066455
2.0225075025008334, -3.397260311846063
2.0227742580860286, -3.3972541584982006
2.023041013671224, -3.3972468124367534
2.0233077692564185, -3.397238275235652
2.0235745248416137, -3.397228548469525
2.023841280426809, -3.397217633715605
2.024108036012004, -3.39720553255252
2.0243747915971992, -3.3971922465599023
2.024641547182394, -3.397177777318083
2.024908302767589, -3.3971621264077063
2.0251750583527843, -3.3971452954096413
2.025441813937979, -3.3971272859049875
2.0257085695231742, -3.397108099475121
2.0259753251083694, -3.3970877377017583
2.0262420806935646, -3.3970662021674856
2.0265088362787598, -3.397043494455816
2.0267755918639545, -3.3970196161431874
2.0270423474491497, -3.39699456880178
2.027309103034345, -3.3969683540027855
2.0275758586195396, -3.396940973316272
2.0278426142047348, -3.3969124283125556
2.02810936978993, -3.396882720562239
2.028376125375125, -3.39685185163614
2.0286428809603203, -3.396819823105343
2.028909636545515, -3.396786636542517
2.02917639213071, -3.3967522935221686
2.0294431477159054, -3.3967167956144766
2.0297099033011, -3.3966801443689674
2.0299766588862953, -3.39664234132966
2.0302434144714905, -3.3966033880409094
2.0305101700566857, -3.3965632860472814
2.0307769256418804, -3.3965220368935576
2.0310436812270756, -3.3964796421199677
2.0313104368122707, -3.396436103236762
2.031577192397466, -3.396391421743785
2.0318439479826607, -3.3963455991417635
2.032110703567856, -3.3962986369317827
2.032377459153051, -3.3962505366152067
2.032644214738246, -3.3962012996936717
2.032910970323441, -3.396150927669087
2.033177725908636, -3.396099422043643
2.0334444814938313, -3.396046784319998
2.0337112370790265, -3.395993016000709
2.033977992664221, -3.395938118588873
2.0342447482494164, -3.395882093590285
2.0345115038346115, -3.3958249425115685
2.0347782594198067, -3.3957666668595916
2.0350450150050015, -3.395707268141482
2.0353117705901966, -3.3956467478646193
2.035578526175392, -3.39558510753493
2.035845281760587, -3.3955223486520723
2.0361120373457817, -3.3954584727144264
2.036378792930977, -3.3953934812206406
2.036645548516172, -3.3953273756700098
2.0369123041013673, -3.395260157562552
2.037179059686562, -3.395191828398467
2.037445815271757, -3.395122389678212
2.0377125708569523, -3.395051842902532
2.0379793264421475, -3.3949801895728298
2.0382460820273423, -3.3949074311910286
2.0385128376125374, -3.394833569259289
2.0387795931977326, -3.394758605280016
2.039046348782928, -3.394682540755967
2.0393131043681225, -3.3946053771921605
2.0395798599533177, -3.394527116095489
2.039846615538513, -3.394447758973052
2.0401133711237076, -3.39436730732149
2.040380126708903, -3.3942857626129634
2.040646882294098, -3.3942031263161816
2.040913637879293, -3.394119399900074
2.0411803934644883, -3.3940345848337694
2.041447149049683, -3.393948682586614
2.0417139046348782, -3.3938616946283076
2.0419806602200734, -3.3937736224297197
2.042247415805268, -3.3936844674623083
2.0425141713904633, -3.3935942311937577
2.0427809269756585, -3.3935029150700657
2.0430476825608537, -3.3934105205304137
2.043314438146049, -3.393317049013771
2.0435811937312436, -3.3932225019592366
2.0438479493164388, -3.3931268808062756
2.044114704901634, -3.3930301869947366
2.0443814604868287, -3.3929324219654373
2.044648216072024, -3.3928335871546045
2.044914971657219, -3.3927336839879443
2.045181727242414, -3.3926327138904746
2.0454484828276094, -3.392530678287514
2.045715238412804, -3.3924275786046856
2.0459819939979993, -3.392323416267997
2.0462487495831945, -3.3922181927037114
2.046515505168389, -3.39211190933808
2.0467822607535844, -3.392004567597654
2.0470490163387796, -3.391896168910314
2.0473157719239747, -3.391786714705198
2.04758252750917, -3.391676206411786
2.0478492830943646, -3.391564645459879
2.04811603867956, -3.391452033279628
2.048382794264755, -3.3913383713014564
2.0486495498499497, -3.391223660956064
2.048916305435145, -3.3911079036738485
2.04918306102034, -3.390991100871561
2.0494498166055353, -3.3908732539515976
